 Number of lines skipped in fchk file is =           34
 Number of lines skipped in fchk file is =         1239
 NMODES Number of lines skipped in fchk file is =           30
DEBUG> Writing normal modes product matrix (should be identity)
   1.000  -0.000  -0.000   0.000   0.000   0.000  -0.000  -0.000  -0.000   0.000   0.000  -0.000
  -0.000   1.000   0.000   0.000   0.000  -0.000  -0.000  -0.000   0.000  -0.000   0.000   0.000
  -0.000   0.000   1.000   0.000  -0.000   0.000   0.000   0.000  -0.000   0.000   0.000  -0.000
   0.000   0.000   0.000   1.000   0.000  -0.000   0.000  -0.000  -0.000   0.000   0.000  -0.000
   0.000   0.000  -0.000   0.000   1.000  -0.000   0.000  -0.000  -0.000   0.000  -0.000  -0.000
   0.000  -0.000   0.000  -0.000  -0.000   1.000   0.000  -0.000   0.000   0.000  -0.000   0.000
  -0.000  -0.000   0.000   0.000   0.000   0.000   1.000   0.000   0.000   0.000  -0.000  -0.000
  -0.000  -0.000   0.000  -0.000  -0.000  -0.000   0.000   1.000  -0.000  -0.000  -0.000  -0.000
  -0.000   0.000  -0.000  -0.000  -0.000   0.000   0.000  -0.000   1.000  -0.000   0.000   0.000
   0.000  -0.000   0.000   0.000   0.000   0.000   0.000  -0.000  -0.000   1.000   0.000   0.000
   0.000   0.000   0.000   0.000  -0.000  -0.000  -0.000  -0.000   0.000   0.000   1.000  -0.000
  -0.000   0.000  -0.000  -0.000  -0.000   0.000  -0.000  -0.000   0.000   0.000  -0.000   1.000
 Frequencies=    142.35274999999999        569.74445200000002        649.40524800000003        1062.4131400000001        1073.8025700000001        1299.1760800000000        1448.8384799999999        1647.8568900000000        1873.7413200000001        3011.6948100000000        3625.2708499999999        3754.7238600000001     

 %%%%%%%%%%%%%%%%%%%%%%%%%%%%%%%%%%%%%%%%%%%
            WRITING NORMAL MODES            
 %%%%%%%%%%%%%%%%%%%%%%%%%%%%%%%%%%%%%%%%%%%

MODE =  1
FREQUENCY (CM-1) =   142.35
-------------------------------------------
 AT       X            Y            Z      
-------------------------------------------
  1   0.00002768  -0.00002886  -0.04605269
  2  -0.00015808   0.00003331   0.43102369
  3  -0.00003462   0.00001192  -0.05376810
  4   0.00026238  -0.00010747  -0.48356411
  5   0.00032807   0.00004533  -0.75848516
  6   0.00004121  -0.00000994   0.00851548


MODE =  2
FREQUENCY (CM-1) =   569.74
-------------------------------------------
 AT       X            Y            Z      
-------------------------------------------
  1  -0.01640741   0.44199233  -0.00010453
  2  -0.36118556  -0.04991187   0.00009616
  3   0.47177179  -0.27746991   0.00003874
  4  -0.49010950  -0.05066814  -0.00004513
  5   0.10315803  -0.30794884  -0.00002676
  6  -0.08955715   0.12490012  -0.00008020


MODE =  3
FREQUENCY (CM-1) =   649.41
-------------------------------------------
 AT       X            Y            Z      
-------------------------------------------
  1  -0.00001189  -0.00009784  -0.31880805
  2   0.00008439   0.00013717   0.15814033
  3  -0.00005903   0.00004136   0.22035067
  4   0.00003930  -0.00015763  -0.70198499
  5  -0.00007780  -0.00016381   0.53885458
  6   0.00000012  -0.00001704  -0.20408663


MODE =  4
FREQUENCY (CM-1) =  1062.41
-------------------------------------------
 AT       X            Y            Z      
-------------------------------------------
  1  -0.00031019  -0.00003541   0.58353466
  2   0.00153304   0.00051967  -0.10830427
  3  -0.00109387  -0.00014898  -0.17447418
  4  -0.00094882  -0.00003656  -0.12787473
  5   0.00138700  -0.00126601  -0.01178519
  6  -0.00072447   0.00008118  -0.77512354


MODE =  5
FREQUENCY (CM-1) =  1073.80
-------------------------------------------
 AT       X            Y            Z      
-------------------------------------------
  1  -0.11357896  -0.00834707  -0.00174277
  2   0.52568818   0.16947451   0.00032274
  3  -0.36289129  -0.04474235   0.00053193
  4  -0.33775751  -0.00633258   0.00046845
  5   0.45755860  -0.40773391  -0.00006692
  6  -0.24170253  -0.01060431   0.00229003


MODE =  6
FREQUENCY (CM-1) =  1299.18
-------------------------------------------
 AT       X            Y            Z      
-------------------------------------------
  1  -0.37749503   0.53334881  -0.00004770
  2   0.27214981  -0.41366214   0.00001483
  3   0.00895891  -0.09899917   0.00001675
  4   0.48335967  -0.07352879  -0.00000080
  5   0.00092254   0.01114631   0.00006352
  6  -0.23181995   0.15831905  -0.00002009


MODE =  7
FREQUENCY (CM-1) =  1448.84
-------------------------------------------
 AT       X            Y            Z      
-------------------------------------------
  1   0.12759776  -0.22005870   0.00004613
  2  -0.05045191  -0.08486892   0.00000238
  3   0.20144640   0.26566573  -0.00002070
  4  -0.05888474  -0.02448144  -0.00007438
  5  -0.11199179   0.10939286  -0.00004334
  6  -0.88387943  -0.06758213   0.00003216


MODE =  8
FREQUENCY (CM-1) =  1647.86
-------------------------------------------
 AT       X            Y            Z      
-------------------------------------------
  1   0.00366299   0.16032739   0.00003724
  2   0.35702884  -0.18881365   0.00008089
  3  -0.12235228  -0.09082935   0.00000715
  4  -0.57682066  -0.11607757  -0.00023859
  5  -0.33225419   0.57021271  -0.00018026
  6   0.05303372   0.05828674  -0.00003968


MODE =  9
FREQUENCY (CM-1) =  1873.74
-------------------------------------------
 AT       X            Y            Z      
-------------------------------------------
  1   0.72344034   0.31223052  -0.00006939
  2  -0.15250304  -0.01335985  -0.00003338
  3  -0.46741269  -0.28148605   0.00007390
  4   0.13734350   0.01782510   0.00003414
  5  -0.03401507  -0.01759848   0.00003963
  6  -0.16911202   0.09356760  -0.00000430


MODE = 10
FREQUENCY (CM-1) =  3011.69
-------------------------------------------
 AT       X            Y            Z      
-------------------------------------------
  1   0.00060418   0.28234710   0.00002633
  2   0.00056151  -0.00551398   0.00000448
  3  -0.00159666  -0.00426472   0.00000453
  4  -0.00022496   0.00698168   0.00000353
  5  -0.00148884   0.01541392  -0.00000214
  6   0.00389673  -0.95912694  -0.00012702


MODE = 11
FREQUENCY (CM-1) =  3625.27
-------------------------------------------
 AT       X            Y            Z      
-------------------------------------------
  1  -0.00783672   0.00278526   0.00000300
  2   0.16584683  -0.10657311   0.00011006
  3  -0.00218799  -0.00114962   0.00000029
  4  -0.07009292   0.74953774  -0.00018681
  5  -0.51496918  -0.35935702  -0.00023270
  6   0.00262408   0.00204088  -0.00000229


MODE = 12
FREQUENCY (CM-1) =  3754.72
-------------------------------------------
 AT       X            Y            Z      
-------------------------------------------
  1  -0.00184160   0.00658714   0.00000040
  2   0.14793912   0.27084812   0.00003217
  3  -0.00126239  -0.00107675   0.00000043
  4   0.06248110  -0.60263789   0.00016291
  5  -0.60390822  -0.41572700  -0.00028373
  6   0.00136596  -0.00966509  -0.00000221



     gradient     frequency (cm-1)
      0.076638    142.352750
     -0.117268    569.744452
      0.001105    649.405248
      0.001825   1062.413140
     -0.133556   1073.802570
      0.284975   1299.176080
     -0.147432   1448.838480
      0.662439   1647.856890
      0.217285   1873.741320
      0.169650   3011.694810
     -1.445410   3625.270850
     -0.654172   3754.723860
