   -0.000000
   -0.000000
   -0.000000
   -0.000000
   -0.000000
   -0.000000
   -0.000000
    1.355993
   -0.000000
   -0.000000
   -0.000000
   -0.000000
   -0.000000
   -0.000000
   -0.330045
   -0.000000
   -0.000000
   -0.000000
    0.393082
   -0.000000
   -0.000000
   -0.000000
   -0.000000
   -0.000000
   -0.000000
   -0.000000
   -0.000000
   -0.000000
   -0.000000
   -0.000000
   -0.000000
   -0.000000
   -0.000000
    0.232234
   -0.000000
   -0.000000
   -0.000000
   -0.639928
   -0.000000
   -0.000000
   -0.000000
    0.872012
   -0.000000
   -0.000000
   -0.000000
   -0.000000
    0.000000
   -1.484295
   -0.000000
   -0.000000
   -0.145534
    0.000000
    1.427021
   -0.000000
   -0.000000
   -0.000000
   -0.000000
    0.009210
   -0.000000
   -0.000000
   -0.000000
    0.017575
   -0.000000
   -0.000000
   -0.000000
   -0.047855
