     gradient     frequency (cm-1)
      0.000281     54.677811
     -0.000091    128.883255
      0.034519    161.834624
      0.001045    180.174112
      0.160065    181.779534
      0.014702    217.208164
      0.000144    461.135694
     -0.000326    489.207974
      0.730356    602.965373
     -0.002153    638.349482
      0.000044    829.069604
      0.000008    836.997480
     -0.000036   1012.158540
      0.000010   1027.179610
      0.002267   1073.503280
      1.071010   1085.653370
      0.001456   1313.714850
      1.447614   1330.982470
     -0.002393   1383.139950
      0.960857   1383.836100
     -0.611606   1589.336710
      0.000305   1596.831710
     -0.350053   1705.806410
     -0.001297   1718.243740
     -0.000321   2923.144870
      0.220304   2929.652630
     -0.011563   3113.164430
      0.001805   3154.927610
     -0.003348   3589.634110
     -0.000128   3589.650710
