     gradient     frequency (cm-1)	     gradient     frequency (cm-1)	     gradient     frequency (cm-1)	     gradient     frequency (cm-1)	     gradient     frequency (cm-1)	     gradient     frequency (cm-1)	     gradient     frequency (cm-1)	     gradient     frequency (cm-1)	     gradient     frequency (cm-1)	     gradient     frequency (cm-1)	
     -0.000215     54.677811	      0.000014     54.677811	      0.000658     54.677811	      0.001340     54.677811	     -0.001664     54.677811	      0.000281     54.677811	      0.000404     54.677811	      0.000540     54.677811	      0.000176     54.677811	     -0.000271     54.677811	
      0.000270    128.883255	      0.000140    128.883255	      0.000120    128.883255	     -0.001193    128.883255	      0.001677    128.883255	     -0.000091    128.883255	      0.000295    128.883255	      0.000534    128.883255	      0.000297    128.883255	     -0.000199    128.883255	
      0.788996    161.834624	     -0.339025    161.834624	      0.910777    161.834624	      1.200587    161.834624	      0.034291    161.834624	      0.034519    161.834624	      1.329035    161.834624	     -0.205237    161.834624	      0.309126    161.834624	      2.441090    161.834624	
      0.000325    180.174112	      0.000036    180.174112	      0.000010    180.174112	     -0.000382    180.174112	      0.000015    180.174112	      0.001045    180.174112	      0.000186    180.174112	      0.000234    180.174112	      0.000316    180.174112	      0.000028    180.174112	
      1.182583    181.779534	     -0.272375    181.779534	     -0.540785    181.779534	     -1.148769    181.779534	      0.719847    181.779534	      0.160065    181.779534	     -2.893256    181.779534	     -0.775064    181.779534	     -0.867609    181.779534	     -0.264220    181.779534	
     -0.001366    217.208164	      0.000843    217.208164	      0.001185    217.208164	      0.000149    217.208164	     -0.014435    217.208164	      0.014702    217.208164	      0.001023    217.208164	      0.000222    217.208164	      0.000311    217.208164	     -0.000759    217.208164	
     -0.000040    461.135694	      0.000065    461.135694	     -0.000003    461.135694	      0.000647    461.135694	     -0.000659    461.135694	      0.000144    461.135694	     -0.000113    461.135694	      0.000099    461.135694	      0.000062    461.135694	      0.000047    461.135694	
      0.000010    489.207974	     -0.000011    489.207974	      0.000023    489.207974	      0.000321    489.207974	      0.000074    489.207974	     -0.000326    489.207974	     -0.000043    489.207974	     -0.000129    489.207974	     -0.000101    489.207974	      0.000007    489.207974	
     -0.247580    602.965373	     -0.978129    602.965373	     -0.444157    602.965373	      0.359291    602.965373	      0.784832    602.965373	      0.730356    602.965373	      0.161007    602.965373	      0.559965    602.965373	      0.046494    602.965373	     -1.369649    602.965373	
      0.000075    638.349482	     -0.000237    638.349482	     -0.000079    638.349482	      0.000005    638.349482	      0.002177    638.349482	     -0.002153    638.349482	     -0.000011    638.349482	      0.000023    638.349482	     -0.000032    638.349482	      0.000214    638.349482	
      0.000021    829.069604	      0.000095    829.069604	      0.000009    829.069604	     -0.000058    829.069604	     -0.000042    829.069604	      0.000044    829.069604	     -0.000005    829.069604	     -0.000062    829.069604	     -0.000042    829.069604	      0.000100    829.069604	
     -0.000000    836.997480	     -0.000064    836.997480	     -0.000029    836.997480	      0.000212    836.997480	     -0.000253    836.997480	      0.000008    836.997480	     -0.000060    836.997480	     -0.000053    836.997480	     -0.000022    836.997480	     -0.000081    836.997480	
      0.000003   1012.158540	     -0.000082   1012.158540	      0.000027   1012.158540	      0.000007   1012.158540	     -0.000015   1012.158540	     -0.000036   1012.158540	     -0.000001   1012.158540	      0.000010   1012.158540	     -0.000036   1012.158540	     -0.000139   1012.158540	
      0.000002   1027.179610	     -0.000050   1027.179610	      0.000025   1027.179610	     -0.000038   1027.179610	      0.000038   1027.179610	      0.000010   1027.179610	      0.000022   1027.179610	     -0.000009   1027.179610	     -0.000013   1027.179610	     -0.000041   1027.179610	
     -0.000326   1073.503280	      0.000001   1073.503280	      0.000223   1073.503280	     -0.000137   1073.503280	     -0.002357   1073.503280	      0.002267   1073.503280	      0.000103   1073.503280	     -0.000010   1073.503280	     -0.000061   1073.503280	      0.000048   1073.503280	
      0.950284   1085.653370	     -0.204971   1085.653370	      0.988895   1085.653370	      0.800713   1085.653370	      1.064951   1085.653370	      1.071010   1085.653370	      0.839943   1085.653370	      1.001801   1085.653370	      0.671349   1085.653370	     -0.543396   1085.653370	
     -0.000318   1313.714850	     -0.000008   1313.714850	      0.000284   1313.714850	     -0.000122   1313.714850	     -0.001472   1313.714850	      0.001456   1313.714850	      0.000145   1313.714850	      0.000039   1313.714850	     -0.000078   1313.714850	      0.000034   1313.714850	
      0.802192   1330.982470	     -0.136741   1330.982470	      0.777772   1330.982470	      1.057344   1330.982470	      1.461489   1330.982470	      1.447614   1330.982470	      1.033586   1330.982470	      1.277803   1330.982470	      0.825523   1330.982470	     -0.580897   1330.982470	
     -0.000080   1383.139950	     -0.000059   1383.139950	     -0.000540   1383.139950	     -0.000361   1383.139950	      0.000810   1383.139950	     -0.002393   1383.139950	     -0.000503   1383.139950	     -0.000668   1383.139950	     -0.000473   1383.139950	      0.000233   1383.139950	
      0.420924   1383.836100	     -0.059797   1383.836100	      0.400877   1383.836100	      0.501231   1383.836100	      0.968730   1383.836100	      0.960857   1383.836100	      0.482246   1383.836100	      0.787137   1383.836100	      0.615815   1383.836100	     -0.126076   1383.836100	
     -0.719952   1589.336710	     -0.508739   1589.336710	     -0.703760   1589.336710	     -0.673477   1589.336710	     -0.619255   1589.336710	     -0.611606   1589.336710	     -0.658204   1589.336710	     -0.590362   1589.336710	     -0.544911   1589.336710	     -0.590695   1589.336710	
      0.000095   1596.831710	      0.000131   1596.831710	      0.000176   1596.831710	      0.000046   1596.831710	     -0.000107   1596.831710	      0.000305   1596.831710	      0.000145   1596.831710	      0.000116   1596.831710	      0.000069   1596.831710	      0.000082   1596.831710	
     -0.814848   1705.806410	     -0.529976   1705.806410	     -0.804006   1705.806410	     -1.111359   1705.806410	     -0.358302   1705.806410	     -0.350053   1705.806410	     -1.100865   1705.806410	     -0.216740   1705.806410	     -0.274302   1705.806410	     -0.523677   1705.806410	
      0.000037   1718.243740	      0.000013   1718.243740	     -0.000111   1718.243740	      0.000100   1718.243740	      0.001290   1718.243740	     -0.001297   1718.243740	     -0.000081   1718.243740	     -0.000019   1718.243740	      0.000006   1718.243740	     -0.000047   1718.243740	
     -0.000024   2923.144870	      0.000077   2923.144870	     -0.000098   2923.144870	     -0.000051   2923.144870	      0.000183   2923.144870	     -0.000321   2923.144870	     -0.000091   2923.144870	     -0.000058   2923.144870	     -0.000028   2923.144870	     -0.000008   2923.144870	
      0.177213   2929.652630	     -0.178721   2929.652630	      0.174516   2929.652630	      0.202532   2929.652630	      0.221085   2929.652630	      0.220304   2929.652630	      0.201015   2929.652630	      0.168706   2929.652630	      0.092651   2929.652630	     -0.169073   2929.652630	
     -0.212597   3113.164430	      0.005627   3113.164430	     -0.231579   3113.164430	     -0.364288   3113.164430	     -0.009275   3113.164430	     -0.011563   3113.164430	     -0.384462   3113.164430	      0.060419   3113.164430	      0.000602   3113.164430	      0.133572   3113.164430	
     -0.000232   3154.927610	      0.000056   3154.927610	      0.000055   3154.927610	     -0.000121   3154.927610	     -0.001802   3154.927610	      0.001805   3154.927610	     -0.000055   3154.927610	      0.000019   3154.927610	      0.000014   3154.927610	     -0.000007   3154.927610	
     -0.030220   3589.634110	      1.033484   3589.634110	     -0.035775   3589.634110	     -0.030503   3589.634110	     -0.001665   3589.634110	     -0.003348   3589.634110	     -0.035992   3589.634110	      0.148311   3589.634110	      0.453797   3589.634110	      1.281709   3589.634110	
     -0.002103   3589.650710	      0.072043   3589.650710	     -0.002487   3589.650710	     -0.002129   3589.650710	     -0.000203   3589.650710	     -0.000128   3589.650710	     -0.002504   3589.650710	      0.010369   3589.650710	      0.031750   3589.650710	      0.089865   3589.650710	
