     gradient     frequency (cm-1)
      0.000176     54.677811
      0.000297    128.883255
      0.309126    161.834624
      0.000316    180.174112
     -0.867609    181.779534
      0.000311    217.208164
      0.000062    461.135694
     -0.000101    489.207974
      0.046494    602.965373
     -0.000032    638.349482
     -0.000042    829.069604
     -0.000022    836.997480
     -0.000036   1012.158540
     -0.000013   1027.179610
     -0.000061   1073.503280
      0.671349   1085.653370
     -0.000078   1313.714850
      0.825523   1330.982470
     -0.000473   1383.139950
      0.615815   1383.836100
     -0.544911   1589.336710
      0.000069   1596.831710
     -0.274302   1705.806410
      0.000006   1718.243740
     -0.000028   2923.144870
      0.092651   2929.652630
      0.000602   3113.164430
      0.000014   3154.927610
      0.453797   3589.634110
      0.031750   3589.650710
