     gradient     frequency (cm-1)
     -0.000271     54.677811
     -0.000199    128.883255
      2.441090    161.834624
      0.000028    180.174112
     -0.264220    181.779534
     -0.000759    217.208164
      0.000047    461.135694
      0.000007    489.207974
     -1.369649    602.965373
      0.000214    638.349482
      0.000100    829.069604
     -0.000081    836.997480
     -0.000139   1012.158540
     -0.000041   1027.179610
      0.000048   1073.503280
     -0.543396   1085.653370
      0.000034   1313.714850
     -0.580897   1330.982470
      0.000233   1383.139950
     -0.126076   1383.836100
     -0.590695   1589.336710
      0.000082   1596.831710
     -0.523677   1705.806410
     -0.000047   1718.243740
     -0.000008   2923.144870
     -0.169073   2929.652630
      0.133572   3113.164430
     -0.000007   3154.927610
      1.281709   3589.634110
      0.089865   3589.650710
