     gradient     frequency (cm-1)
      0.000014     54.677811
      0.000140    128.883255
     -0.339025    161.834624
      0.000036    180.174112
     -0.272375    181.779534
      0.000843    217.208164
      0.000065    461.135694
     -0.000011    489.207974
     -0.978129    602.965373
     -0.000237    638.349482
      0.000095    829.069604
     -0.000064    836.997480
     -0.000082   1012.158540
     -0.000050   1027.179610
      0.000001   1073.503280
     -0.204971   1085.653370
     -0.000008   1313.714850
     -0.136741   1330.982470
     -0.000059   1383.139950
     -0.059797   1383.836100
     -0.508739   1589.336710
      0.000131   1596.831710
     -0.529976   1705.806410
      0.000013   1718.243740
      0.000077   2923.144870
     -0.178721   2929.652630
      0.005627   3113.164430
      0.000056   3154.927610
      1.033484   3589.634110
      0.072043   3589.650710
