     gradient     frequency (cm-1)
     -0.000215     54.677811
      0.000270    128.883255
      0.788996    161.834624
      0.000325    180.174112
      1.182583    181.779534
     -0.001366    217.208164
     -0.000040    461.135694
      0.000010    489.207974
     -0.247580    602.965373
      0.000075    638.349482
      0.000021    829.069604
     -0.000000    836.997480
      0.000003   1012.158540
      0.000002   1027.179610
     -0.000326   1073.503280
      0.950284   1085.653370
     -0.000318   1313.714850
      0.802192   1330.982470
     -0.000080   1383.139950
      0.420924   1383.836100
     -0.719952   1589.336710
      0.000095   1596.831710
     -0.814848   1705.806410
      0.000037   1718.243740
     -0.000024   2923.144870
      0.177213   2929.652630
     -0.212597   3113.164430
     -0.000232   3154.927610
     -0.030220   3589.634110
     -0.002103   3589.650710
