     gradient     frequency (cm-1)
      0.000658     54.677811
      0.000120    128.883255
      0.910777    161.834624
      0.000010    180.174112
     -0.540785    181.779534
      0.001185    217.208164
     -0.000003    461.135694
      0.000023    489.207974
     -0.444157    602.965373
     -0.000079    638.349482
      0.000009    829.069604
     -0.000029    836.997480
      0.000027   1012.158540
      0.000025   1027.179610
      0.000223   1073.503280
      0.988895   1085.653370
      0.000284   1313.714850
      0.777772   1330.982470
     -0.000540   1383.139950
      0.400877   1383.836100
     -0.703760   1589.336710
      0.000176   1596.831710
     -0.804006   1705.806410
     -0.000111   1718.243740
     -0.000098   2923.144870
      0.174516   2929.652630
     -0.231579   3113.164430
      0.000055   3154.927610
     -0.035775   3589.634110
     -0.002487   3589.650710
