     gradient     frequency (cm-1)
     -0.001664     54.677811
      0.001677    128.883255
      0.034291    161.834624
      0.000015    180.174112
      0.719847    181.779534
     -0.014435    217.208164
     -0.000659    461.135694
      0.000074    489.207974
      0.784832    602.965373
      0.002177    638.349482
     -0.000042    829.069604
     -0.000253    836.997480
     -0.000015   1012.158540
      0.000038   1027.179610
     -0.002357   1073.503280
      1.064951   1085.653370
     -0.001472   1313.714850
      1.461489   1330.982470
      0.000810   1383.139950
      0.968730   1383.836100
     -0.619255   1589.336710
     -0.000107   1596.831710
     -0.358302   1705.806410
      0.001290   1718.243740
      0.000183   2923.144870
      0.221085   2929.652630
     -0.009275   3113.164430
     -0.001802   3154.927610
     -0.001665   3589.634110
     -0.000203   3589.650710
