     gradient     frequency (cm-1)
      0.000540     54.677811
      0.000534    128.883255
     -0.205237    161.834624
      0.000234    180.174112
     -0.775064    181.779534
      0.000222    217.208164
      0.000099    461.135694
     -0.000129    489.207974
      0.559965    602.965373
      0.000023    638.349482
     -0.000062    829.069604
     -0.000053    836.997480
      0.000010   1012.158540
     -0.000009   1027.179610
     -0.000010   1073.503280
      1.001801   1085.653370
      0.000039   1313.714850
      1.277803   1330.982470
     -0.000668   1383.139950
      0.787137   1383.836100
     -0.590362   1589.336710
      0.000116   1596.831710
     -0.216740   1705.806410
     -0.000019   1718.243740
     -0.000058   2923.144870
      0.168706   2929.652630
      0.060419   3113.164430
      0.000019   3154.927610
      0.148311   3589.634110
      0.010369   3589.650710
