     gradient     frequency (cm-1)
      0.000404     54.677811
      0.000295    128.883255
      1.329035    161.834624
      0.000186    180.174112
     -2.893256    181.779534
      0.001023    217.208164
     -0.000113    461.135694
     -0.000043    489.207974
      0.161007    602.965373
     -0.000011    638.349482
     -0.000005    829.069604
     -0.000060    836.997480
     -0.000001   1012.158540
      0.000022   1027.179610
      0.000103   1073.503280
      0.839943   1085.653370
      0.000145   1313.714850
      1.033586   1330.982470
     -0.000503   1383.139950
      0.482246   1383.836100
     -0.658204   1589.336710
      0.000145   1596.831710
     -1.100865   1705.806410
     -0.000081   1718.243740
     -0.000091   2923.144870
      0.201015   2929.652630
     -0.384462   3113.164430
     -0.000055   3154.927610
     -0.035992   3589.634110
     -0.002504   3589.650710
