     gradient     frequency (cm-1)
      0.001340     54.677811
     -0.001193    128.883255
      1.200587    161.834624
     -0.000382    180.174112
     -1.148769    181.779534
      0.000149    217.208164
      0.000647    461.135694
      0.000321    489.207974
      0.359291    602.965373
      0.000005    638.349482
     -0.000058    829.069604
      0.000212    836.997480
      0.000007   1012.158540
     -0.000038   1027.179610
     -0.000137   1073.503280
      0.800713   1085.653370
     -0.000122   1313.714850
      1.057344   1330.982470
     -0.000361   1383.139950
      0.501231   1383.836100
     -0.673477   1589.336710
      0.000046   1596.831710
     -1.111359   1705.806410
      0.000100   1718.243740
     -0.000051   2923.144870
      0.202532   2929.652630
     -0.364288   3113.164430
     -0.000121   3154.927610
     -0.030503   3589.634110
     -0.002129   3589.650710
