     gradient     frequency (cm-1)
     -0.006696     21.988265
     -0.002323     49.463885
      0.848361     67.054332
     -0.000623     91.168542
      0.001062    117.867491
      1.650969    176.084753
     -0.022887    182.493952
      0.003526    204.455803
     -1.365936    217.162535
     -0.479047    289.626315
     -0.000411    361.763877
     -0.485877    394.340177
      0.014938    395.213357
      0.405416    403.492890
      0.000047    412.093990
     -1.227218    467.349528
     -0.000315    501.454512
     -0.432141    520.172348
      0.000981    621.244681
     -0.024893    632.114771
      0.092299    697.812805
      0.000222    702.534545
     -1.799560    732.845376
      0.000081    785.505015
      0.000036    800.611838
     -0.716136    822.054403
      0.000205    832.526536
      1.063039    880.622544
     -0.000100    915.242957
      0.000058    927.150142
      0.858222    943.595600
      0.000624    944.184406
     -0.000124    983.858926
     -0.100115    992.905676
     -1.670231   1046.893220
      0.066527   1097.722830
      0.089460   1155.810920
     -0.206596   1170.027850
     -0.321889   1207.261540
      0.166978   1283.752810
     -0.243993   1294.123390
      0.339573   1308.120390
     -0.092494   1313.368110
      0.471429   1316.528360
     -0.152161   1381.864610
      0.000683   1425.761190
     -0.306696   1432.716620
     -0.251553   1443.179470
     -0.134255   1510.682450
      1.032402   1575.682220
      0.460419   1579.829840
     -0.250612   1626.532340
      0.332433   1662.916540
     -0.051723   3005.172490
      0.040762   3087.199970
     -0.036397   3104.213700
     -0.000002   3110.426830
      0.027402   3119.057790
     -0.004511   3123.863400
     -0.006515   3138.800550
      0.005330   3150.095570
     -0.029919   3155.958410
      0.036668   3684.656430
