     gradient     frequency (cm-1)
     -0.003203     21.988265
     -0.000777     49.463885
      1.452005     67.054332
     -0.000521     91.168542
      0.001668    117.867491
     -0.205323    176.084753
      0.000183    182.493952
      0.001350    204.455803
     -0.011177    217.162535
     -0.702477    289.626315
     -0.000412    361.763877
     -0.117673    394.340177
      0.002926    395.213357
     -1.008674    403.492890
      0.000373    412.093990
     -0.425385    467.349528
     -0.000538    501.454512
      0.315132    520.172348
      0.001530    621.244681
     -0.050306    632.114771
      0.165109    697.812805
      0.000334    702.534545
     -0.226226    732.845376
     -0.000009    785.505015
     -0.000075    800.611838
      0.183800    822.054403
     -0.000057    832.526536
     -0.004508    880.622544
      0.000042    915.242957
      0.000038    927.150142
      0.061723    943.595600
      0.000122    944.184406
      0.000113    983.858926
     -0.092903    992.905676
     -1.149905   1046.893220
      0.085379   1097.722830
      0.133900   1155.810920
     -0.193700   1170.027850
     -0.259138   1207.261540
      0.227765   1283.752810
     -0.401163   1294.123390
     -0.125231   1308.120390
     -0.151345   1313.368110
      0.482048   1316.528360
     -0.065189   1381.864610
      0.000237   1425.761190
     -0.142532   1432.716620
     -0.225488   1443.179470
     -0.133220   1510.682450
      1.261007   1575.682220
      0.738429   1579.829840
     -0.364782   1626.532340
     -0.727023   1662.916540
     -0.014533   3005.172490
      0.055104   3087.199970
      0.019628   3104.213700
      0.000007   3110.426830
      0.023348   3119.057790
     -0.002695   3123.863400
     -0.009627   3138.800550
      0.005989   3150.095570
     -0.052868   3155.958410
      0.036188   3684.656430
