     gradient     frequency (cm-1)
      0.023461     21.988265
      0.009235     49.463885
      0.634373     67.054332
      0.007523     91.168542
      0.008534    117.867491
     -0.737063    176.084753
      0.008337    182.493952
     -0.000648    204.455803
      0.638189    217.162535
     -0.381477    289.626315
     -0.000384    361.763877
      0.363775    394.340177
     -0.011697    395.213357
     -1.201070    403.492890
      0.000052    412.093990
     -0.958561    467.349528
     -0.000628    501.454512
     -0.318186    520.172348
      0.002597    621.244681
      0.005624    632.114771
      0.210912    697.812805
      0.000783    702.534545
      0.025005    732.845376
     -0.000079    785.505015
     -0.000477    800.611838
      0.901212    822.054403
      0.000093    832.526536
      0.257743    880.622544
      0.000040    915.242957
      0.000046    927.150142
     -0.116360    943.595600
      0.000179    944.184406
      0.000208    983.858926
     -0.065713    992.905676
     -0.836772   1046.893220
      0.005455   1097.722830
     -0.331570   1155.810920
     -0.078312   1170.027850
     -0.481803   1207.261540
      0.098171   1283.752810
      0.185642   1294.123390
     -0.343327   1308.120390
     -0.342614   1313.368110
      0.420344   1316.528360
     -0.018864   1381.864610
     -0.000237   1425.761190
     -0.050626   1432.716620
     -0.014355   1443.179470
      0.015832   1510.682450
      0.392488   1575.682220
      0.168565   1579.829840
     -1.125712   1626.532340
     -0.667903   1662.916540
     -0.001048   3005.172490
      0.012973   3087.199970
      0.024514   3104.213700
      0.000037   3110.426830
     -0.020084   3119.057790
      0.037074   3123.863400
      0.036785   3138.800550
     -0.066351   3150.095570
     -0.062275   3155.958410
      0.013630   3684.656430
