 Number of lines skipped in fchk file is =           47
 Number of lines skipped in fchk file is =         8788
 NMODES Number of lines skipped in fchk file is =           87
DEBUG> Writing normal modes product matrix (should be identity)
   1.000  -0.000   0.000   0.000   0.000  -0.000   0.000  -0.000   0.000  -0.000  -0.000   0.000   0.000   0.000   0.000   0.000   0.000  -0.000   0.000   0.000   0.000   0.000   0.000   0.000   0.000   0.000  -0.000  -0.000  -0.000  -0.000  -0.000  -0.000   0.000  -0.000   0.000   0.000
  -0.000   1.000  -0.000   0.000   0.000  -0.000  -0.000  -0.000   0.000  -0.000   0.000  -0.000   0.000   0.000  -0.000  -0.000   0.000   0.000   0.000  -0.000   0.000  -0.000   0.000   0.000   0.000   0.000   0.000  -0.000   0.000  -0.000   0.000  -0.000   0.000  -0.000   0.000   0.000
   0.000  -0.000   1.000   0.000  -0.000  -0.000   0.000  -0.000  -0.000   0.000   0.000  -0.000  -0.000  -0.000  -0.000  -0.000   0.000  -0.000  -0.000  -0.000   0.000  -0.000   0.000   0.000  -0.000  -0.000  -0.000   0.000  -0.000   0.000  -0.000   0.000   0.000  -0.000   0.000  -0.000
   0.000   0.000   0.000   1.000   0.000   0.000  -0.000   0.000   0.000   0.000   0.000  -0.000  -0.000   0.000   0.000   0.000  -0.000  -0.000  -0.000  -0.000  -0.000   0.000  -0.000  -0.000   0.000  -0.000  -0.000   0.000  -0.000  -0.000   0.000   0.000  -0.000  -0.000  -0.000  -0.000
   0.000   0.000  -0.000   0.000   1.000   0.000   0.000  -0.000   0.000   0.000   0.000  -0.000   0.000   0.000  -0.000  -0.000  -0.000   0.000   0.000  -0.000   0.000   0.000   0.000   0.000  -0.000  -0.000   0.000   0.000  -0.000   0.000  -0.000  -0.000   0.000   0.000   0.000  -0.000
  -0.000  -0.000  -0.000   0.000   0.000   1.000   0.000   0.000   0.000  -0.000   0.000   0.000  -0.000  -0.000  -0.000   0.000   0.000   0.000  -0.000  -0.000   0.000   0.000   0.000  -0.000  -0.000   0.000   0.000   0.000   0.000   0.000   0.000  -0.000   0.000   0.000  -0.000  -0.000
   0.000  -0.000   0.000  -0.000   0.000   0.000   1.000  -0.000   0.000   0.000   0.000   0.000   0.000   0.000   0.000  -0.000   0.000   0.000  -0.000   0.000  -0.000  -0.000  -0.000  -0.000   0.000  -0.000   0.000  -0.000   0.000  -0.000   0.000   0.000  -0.000  -0.000   0.000   0.000
  -0.000  -0.000  -0.000   0.000  -0.000   0.000  -0.000   1.000  -0.000  -0.000   0.000  -0.000  -0.000   0.000   0.000   0.000  -0.000   0.000   0.000   0.000   0.000   0.000  -0.000   0.000   0.000   0.000  -0.000   0.000  -0.000  -0.000  -0.000  -0.000  -0.000   0.000  -0.000   0.000
   0.000   0.000  -0.000   0.000   0.000   0.000   0.000  -0.000   1.000  -0.000   0.000   0.000   0.000  -0.000   0.000  -0.000  -0.000  -0.000  -0.000  -0.000  -0.000   0.000  -0.000  -0.000  -0.000  -0.000   0.000   0.000  -0.000   0.000  -0.000   0.000  -0.000  -0.000   0.000   0.000
  -0.000  -0.000   0.000   0.000   0.000  -0.000   0.000  -0.000  -0.000   1.000   0.000  -0.000  -0.000  -0.000  -0.000  -0.000   0.000  -0.000   0.000   0.000   0.000   0.000   0.000  -0.000  -0.000   0.000  -0.000  -0.000  -0.000   0.000  -0.000   0.000  -0.000   0.000  -0.000   0.000
  -0.000   0.000   0.000   0.000   0.000   0.000   0.000   0.000   0.000   0.000   1.000   0.000  -0.000   0.000  -0.000  -0.000   0.000   0.000   0.000  -0.000   0.000  -0.000  -0.000   0.000  -0.000   0.000  -0.000   0.000  -0.000   0.000  -0.000   0.000   0.000  -0.000  -0.000  -0.000
   0.000  -0.000  -0.000  -0.000  -0.000   0.000   0.000  -0.000   0.000  -0.000   0.000   1.000   0.000  -0.000   0.000   0.000  -0.000  -0.000  -0.000   0.000  -0.000   0.000  -0.000   0.000   0.000  -0.000  -0.000   0.000  -0.000   0.000  -0.000  -0.000  -0.000   0.000  -0.000   0.000
   0.000   0.000  -0.000  -0.000   0.000  -0.000   0.000  -0.000   0.000  -0.000  -0.000   0.000   1.000   0.000  -0.000   0.000  -0.000  -0.000   0.000  -0.000   0.000   0.000  -0.000   0.000   0.000   0.000  -0.000  -0.000  -0.000   0.000  -0.000  -0.000   0.000  -0.000  -0.000  -0.000
   0.000   0.000  -0.000   0.000   0.000  -0.000   0.000   0.000  -0.000  -0.000   0.000  -0.000   0.000   1.000  -0.000   0.000  -0.000  -0.000   0.000  -0.000   0.000   0.000  -0.000   0.000   0.000  -0.000   0.000  -0.000  -0.000  -0.000  -0.000   0.000  -0.000   0.000  -0.000  -0.000
   0.000  -0.000  -0.000   0.000  -0.000  -0.000   0.000   0.000   0.000  -0.000  -0.000   0.000  -0.000  -0.000   1.000   0.000   0.000   0.000  -0.000   0.000   0.000   0.000  -0.000  -0.000  -0.000  -0.000   0.000  -0.000  -0.000  -0.000  -0.000  -0.000  -0.000  -0.000   0.000  -0.000
   0.000  -0.000  -0.000   0.000  -0.000   0.000  -0.000   0.000  -0.000  -0.000  -0.000   0.000   0.000   0.000   0.000   1.000   0.000   0.000   0.000   0.000   0.000   0.000  -0.000  -0.000   0.000  -0.000  -0.000   0.000   0.000   0.000  -0.000   0.000   0.000   0.000   0.000   0.000
   0.000   0.000   0.000  -0.000  -0.000   0.000   0.000  -0.000  -0.000   0.000   0.000  -0.000  -0.000  -0.000   0.000   0.000   1.000  -0.000   0.000   0.000   0.000  -0.000   0.000  -0.000  -0.000  -0.000   0.000   0.000  -0.000  -0.000   0.000  -0.000  -0.000  -0.000  -0.000  -0.000
  -0.000   0.000  -0.000  -0.000   0.000   0.000   0.000   0.000  -0.000  -0.000   0.000  -0.000  -0.000  -0.000   0.000   0.000  -0.000   1.000   0.000  -0.000   0.000  -0.000  -0.000   0.000   0.000   0.000   0.000   0.000  -0.000   0.000  -0.000   0.000  -0.000  -0.000  -0.000  -0.000
   0.000   0.000  -0.000  -0.000   0.000  -0.000  -0.000   0.000  -0.000   0.000   0.000  -0.000   0.000   0.000  -0.000   0.000   0.000   0.000   1.000  -0.000  -0.000  -0.000   0.000   0.000  -0.000  -0.000   0.000  -0.000   0.000   0.000   0.000   0.000  -0.000   0.000  -0.000   0.000
   0.000  -0.000  -0.000  -0.000  -0.000  -0.000   0.000   0.000  -0.000   0.000  -0.000   0.000  -0.000  -0.000   0.000   0.000   0.000  -0.000  -0.000   1.000   0.000  -0.000   0.000  -0.000  -0.000   0.000  -0.000   0.000   0.000   0.000  -0.000  -0.000  -0.000  -0.000   0.000  -0.000
   0.000   0.000   0.000  -0.000   0.000   0.000  -0.000   0.000  -0.000   0.000   0.000  -0.000   0.000   0.000   0.000   0.000   0.000   0.000  -0.000   0.000   1.000  -0.000  -0.000   0.000   0.000  -0.000   0.000   0.000   0.000  -0.000   0.000  -0.000  -0.000   0.000  -0.000   0.000
   0.000  -0.000  -0.000   0.000   0.000   0.000  -0.000   0.000   0.000   0.000  -0.000   0.000   0.000   0.000   0.000   0.000  -0.000  -0.000  -0.000  -0.000  -0.000   1.000  -0.000   0.000   0.000  -0.000  -0.000   0.000   0.000   0.000   0.000   0.000  -0.000  -0.000  -0.000  -0.000
   0.000   0.000   0.000  -0.000   0.000   0.000  -0.000  -0.000  -0.000   0.000  -0.000  -0.000  -0.000  -0.000  -0.000  -0.000   0.000  -0.000   0.000   0.000  -0.000  -0.000   1.000   0.000  -0.000  -0.000   0.000  -0.000  -0.000   0.000   0.000  -0.000  -0.000  -0.000  -0.000   0.000
   0.000   0.000   0.000  -0.000   0.000  -0.000  -0.000   0.000  -0.000  -0.000   0.000   0.000   0.000   0.000  -0.000  -0.000  -0.000   0.000   0.000  -0.000   0.000   0.000   0.000   1.000   0.000  -0.000  -0.000   0.000  -0.000  -0.000   0.000   0.000   0.000   0.000  -0.000   0.000
   0.000   0.000  -0.000   0.000  -0.000  -0.000   0.000   0.000  -0.000  -0.000  -0.000   0.000   0.000   0.000  -0.000   0.000  -0.000   0.000  -0.000  -0.000   0.000   0.000  -0.000   0.000   1.000  -0.000  -0.000   0.000   0.000  -0.000   0.000   0.000   0.000  -0.000   0.000   0.000
   0.000   0.000  -0.000  -0.000  -0.000   0.000  -0.000   0.000  -0.000   0.000   0.000  -0.000   0.000  -0.000  -0.000  -0.000  -0.000   0.000  -0.000   0.000  -0.000  -0.000  -0.000  -0.000  -0.000   1.000  -0.000   0.000  -0.000  -0.000  -0.000   0.000  -0.000  -0.000   0.000  -0.000
  -0.000   0.000  -0.000  -0.000   0.000   0.000   0.000  -0.000   0.000  -0.000  -0.000  -0.000  -0.000   0.000   0.000  -0.000   0.000   0.000   0.000  -0.000   0.000  -0.000   0.000  -0.000  -0.000  -0.000   1.000  -0.000  -0.000   0.000  -0.000   0.000   0.000  -0.000   0.000   0.000
  -0.000  -0.000   0.000   0.000   0.000   0.000  -0.000   0.000   0.000  -0.000   0.000   0.000  -0.000  -0.000  -0.000   0.000   0.000   0.000  -0.000   0.000   0.000   0.000  -0.000   0.000   0.000   0.000  -0.000   1.000  -0.000   0.000   0.000   0.000   0.000   0.000  -0.000   0.000
  -0.000   0.000  -0.000  -0.000  -0.000   0.000   0.000  -0.000  -0.000  -0.000  -0.000  -0.000  -0.000  -0.000  -0.000   0.000  -0.000  -0.000   0.000   0.000   0.000   0.000  -0.000  -0.000   0.000  -0.000  -0.000  -0.000   1.000  -0.000  -0.000   0.000   0.000  -0.000  -0.000  -0.000
  -0.000  -0.000   0.000  -0.000   0.000   0.000  -0.000  -0.000   0.000   0.000   0.000   0.000   0.000  -0.000  -0.000   0.000  -0.000   0.000   0.000   0.000  -0.000   0.000   0.000  -0.000  -0.000  -0.000   0.000   0.000  -0.000   1.000   0.000  -0.000   0.000  -0.000  -0.000   0.000
  -0.000   0.000  -0.000   0.000  -0.000   0.000   0.000  -0.000  -0.000  -0.000  -0.000  -0.000  -0.000  -0.000  -0.000  -0.000   0.000  -0.000   0.000  -0.000   0.000   0.000   0.000   0.000   0.000  -0.000  -0.000   0.000  -0.000   0.000   1.000  -0.000  -0.000  -0.000  -0.000  -0.000
  -0.000  -0.000   0.000   0.000  -0.000  -0.000   0.000  -0.000   0.000   0.000   0.000  -0.000  -0.000   0.000  -0.000   0.000  -0.000   0.000   0.000  -0.000  -0.000   0.000  -0.000   0.000   0.000   0.000   0.000   0.000   0.000  -0.000  -0.000   1.000   0.000  -0.000  -0.000   0.000
   0.000   0.000   0.000  -0.000   0.000   0.000  -0.000  -0.000  -0.000  -0.000   0.000  -0.000   0.000  -0.000  -0.000   0.000  -0.000  -0.000  -0.000  -0.000  -0.000  -0.000  -0.000   0.000   0.000  -0.000   0.000   0.000   0.000   0.000  -0.000   0.000   1.000   0.000   0.000  -0.000
  -0.000  -0.000  -0.000  -0.000   0.000   0.000  -0.000   0.000  -0.000   0.000  -0.000   0.000  -0.000   0.000  -0.000   0.000  -0.000  -0.000   0.000  -0.000   0.000  -0.000  -0.000   0.000  -0.000  -0.000  -0.000   0.000  -0.000  -0.000  -0.000  -0.000   0.000   1.000   0.000   0.000
   0.000   0.000   0.000  -0.000   0.000  -0.000   0.000  -0.000   0.000  -0.000  -0.000  -0.000  -0.000  -0.000   0.000   0.000  -0.000  -0.000  -0.000   0.000  -0.000  -0.000  -0.000  -0.000   0.000   0.000   0.000  -0.000  -0.000  -0.000  -0.000  -0.000   0.000   0.000   1.000  -0.000
   0.000   0.000  -0.000  -0.000  -0.000  -0.000   0.000   0.000   0.000   0.000  -0.000   0.000  -0.000  -0.000  -0.000   0.000  -0.000  -0.000   0.000  -0.000   0.000  -0.000   0.000   0.000   0.000  -0.000   0.000   0.000  -0.000   0.000  -0.000   0.000  -0.000   0.000  -0.000   1.000
 Frequencies=    101.16091100000000        150.30915999999999        227.21301700000001        257.85702099999997        354.56240600000001        447.14954699999998        549.44385299999999        618.86690899999996        710.03002400000003        906.57502599999998        931.62829099999999        937.61995400000001        950.81710999999996        970.96773800000005        982.60394599999995        1025.4572300000000        1056.4296600000000        1159.5717999999999        1221.3208500000001        1290.6215099999999        1319.3208800000000        1331.7881900000000        1338.0932100000000        1441.1480100000001        1472.7030500000001        1636.1980100000001        1684.8711200000000        1688.2421300000001        3127.2118300000002        3128.1551800000002        3137.1132600000001        3141.7290300000000        3142.5613100000000        3143.8055199999999        3228.7076600000000        3228.7284800000002     

 %%%%%%%%%%%%%%%%%%%%%%%%%%%%%%%%%%%%%%%%%%%
            WRITING NORMAL MODES            
 %%%%%%%%%%%%%%%%%%%%%%%%%%%%%%%%%%%%%%%%%%%

MODE =  1
FREQUENCY (CM-1) =   101.16
-------------------------------------------
 AT       X            Y            Z      
-------------------------------------------
  1  -0.00000318   0.00000069   0.46881042
  2  -0.00000009  -0.00000055  -0.16199755
  3  -0.00000018  -0.00000028  -0.36820141
  4   0.00000018   0.00000028  -0.36820139
  5   0.00000009   0.00000055  -0.16199765
  6   0.00000318  -0.00000069   0.46881047
  7  -0.00000019  -0.00000009  -0.09693290
  8   0.00000019   0.00000009  -0.09693286
  9  -0.00000056   0.00000047  -0.12348275
 10   0.00000157  -0.00000050   0.22915312
 11   0.00000097  -0.00000017   0.20309152
 12  -0.00000097   0.00000017   0.20309153
 13  -0.00000157   0.00000050   0.22915305
 14   0.00000056  -0.00000047  -0.12348267


MODE =  2
FREQUENCY (CM-1) =   150.31
-------------------------------------------
 AT       X            Y            Z      
-------------------------------------------
  1   0.09633138   0.40959623  -0.00000070
  2  -0.13597271  -0.07879816   0.00000248
  3   0.03424081  -0.39639158  -0.00000190
  4   0.03424082  -0.39639158   0.00000190
  5  -0.13597273  -0.07879818  -0.00000248
  6   0.09633132   0.40959625   0.00000070
  7   0.04944105  -0.11212840  -0.00000256
  8   0.04944106  -0.11212840   0.00000256
  9  -0.14975610  -0.02846418  -0.00000249
 10   0.16454730   0.13234691   0.00000181
 11  -0.04559697   0.23458442  -0.00000063
 12  -0.04559694   0.23458442   0.00000063
 13   0.16454731   0.13234689  -0.00000181
 14  -0.14975610  -0.02846415   0.00000249


MODE =  3
FREQUENCY (CM-1) =   227.21
-------------------------------------------
 AT       X            Y            Z      
-------------------------------------------
  1   0.00000178  -0.00000042  -0.22662910
  2  -0.00000116   0.00000026   0.31925650
  3  -0.00000081   0.00000021   0.44205739
  4  -0.00000081   0.00000021  -0.44205728
  5  -0.00000116   0.00000026  -0.31925656
  6   0.00000178  -0.00000042   0.22662907
  7  -0.00000031  -0.00000000   0.31068240
  8  -0.00000031  -0.00000000  -0.31068237
  9  -0.00000078   0.00000020  -0.12472873
 10   0.00000117  -0.00000032   0.13227538
 11   0.00000057  -0.00000007   0.14738478
 12   0.00000057  -0.00000007  -0.14738485
 13   0.00000117  -0.00000032  -0.13227533
 14  -0.00000078   0.00000020   0.12472865


MODE =  4
FREQUENCY (CM-1) =   257.86
-------------------------------------------
 AT       X            Y            Z      
-------------------------------------------
  1   0.00000245   0.00000220   0.02298011
  2   0.00000179  -0.00000331  -0.31173513
  3  -0.00000072  -0.00000150   0.33294709
  4   0.00000072   0.00000150   0.33294717
  5  -0.00000179   0.00000331  -0.31173498
  6  -0.00000245  -0.00000220   0.02298000
  7  -0.00000099  -0.00000048   0.12668361
  8   0.00000099   0.00000048   0.12668363
  9  -0.00000094   0.00000221  -0.37478869
 10  -0.00000096  -0.00000181   0.30310413
 11  -0.00000078  -0.00000088  -0.20748966
 12   0.00000078   0.00000088  -0.20748960
 13   0.00000096   0.00000181   0.30310414
 14   0.00000094  -0.00000221  -0.37478871


MODE =  5
FREQUENCY (CM-1) =   354.56
-------------------------------------------
 AT       X            Y            Z      
-------------------------------------------
  1  -0.30624066  -0.16569142  -0.00000061
  2  -0.02874425   0.37928940  -0.00000246
  3   0.08426153   0.22798961   0.00000346
  4  -0.08426154  -0.22798960   0.00000346
  5   0.02874428  -0.37928943  -0.00000246
  6   0.30624064   0.16569144  -0.00000061
  7   0.12895197   0.07091866   0.00000133
  8  -0.12895199  -0.07091866   0.00000133
  9  -0.05086132  -0.11143721  -0.00000278
 10   0.29197767   0.06842426   0.00000132
 11  -0.01874046   0.21920270  -0.00000119
 12   0.01874043  -0.21920270  -0.00000119
 13  -0.29197766  -0.06842423   0.00000132
 14   0.05086134   0.11143719  -0.00000278


MODE =  6
FREQUENCY (CM-1) =   447.15
-------------------------------------------
 AT       X            Y            Z      
-------------------------------------------
  1   0.39655850  -0.06417302   0.00000151
  2   0.41857939   0.10677436   0.00000041
  3   0.15628266   0.21220277  -0.00000207
  4  -0.15628265  -0.21220272  -0.00000207
  5  -0.41857938  -0.10677439   0.00000041
  6  -0.39655852   0.06417300   0.00000151
  7   0.10931027   0.06120508  -0.00000075
  8  -0.10931029  -0.06120507  -0.00000074
  9  -0.19163038  -0.03599073   0.00000011
 10  -0.08867444   0.02187573   0.00000057
 11  -0.13500501   0.04773928   0.00000059
 12   0.13500500  -0.04773928   0.00000059
 13   0.08867444  -0.02187573   0.00000057
 14   0.19163039   0.03599071   0.00000011


MODE =  7
FREQUENCY (CM-1) =   549.44
-------------------------------------------
 AT       X            Y            Z      
-------------------------------------------
  1  -0.24596013  -0.00883116  -0.00000056
  2  -0.03973298   0.31717731  -0.00000269
  3   0.30981366  -0.25677112   0.00000095
  4   0.30981367  -0.25677112  -0.00000095
  5  -0.03973303   0.31717726   0.00000269
  6  -0.24596012  -0.00883117   0.00000056
  7   0.22376879  -0.06661902   0.00000378
  8   0.22376881  -0.06661901  -0.00000378
  9  -0.06453064   0.08602882  -0.00000148
 10  -0.27773055  -0.02319761   0.00000396
 11   0.03526141  -0.17417831  -0.00000456
 12   0.03526141  -0.17417833   0.00000456
 13  -0.27773056  -0.02319758  -0.00000396
 14  -0.06453061   0.08602884   0.00000148


MODE =  8
FREQUENCY (CM-1) =   618.87
-------------------------------------------
 AT       X            Y            Z      
-------------------------------------------
  1  -0.00000170   0.00000011  -0.03785459
  2  -0.00000106   0.00000374   0.27325010
  3   0.00000249  -0.00000294  -0.00791127
  4   0.00000249  -0.00000294   0.00791136
  5  -0.00000106   0.00000374  -0.27325025
  6  -0.00000170   0.00000011   0.03785464
  7   0.00000245  -0.00000065  -0.30537153
  8   0.00000245  -0.00000065   0.30537158
  9   0.00000008  -0.00000010   0.18303337
 10  -0.00000370   0.00000095  -0.30865265
 11   0.00000210  -0.00000338   0.44924308
 12   0.00000210  -0.00000338  -0.44924307
 13  -0.00000370   0.00000095   0.30865259
 14   0.00000008  -0.00000010  -0.18303338


MODE =  9
FREQUENCY (CM-1) =   710.03
-------------------------------------------
 AT       X            Y            Z      
-------------------------------------------
  1  -0.00000009  -0.00000019  -0.03412488
  2  -0.00000192   0.00000068   0.38340511
  3  -0.00000021   0.00000008  -0.23183601
  4   0.00000021  -0.00000008  -0.23183598
  5   0.00000192  -0.00000068   0.38340506
  6   0.00000009   0.00000019  -0.03412492
  7   0.00000003   0.00000005  -0.11612588
  8  -0.00000003  -0.00000005  -0.11612582
  9  -0.00000043   0.00000071  -0.10200362
 10   0.00000050  -0.00000097   0.26468934
 11  -0.00000122   0.00000130  -0.45181592
 12   0.00000122  -0.00000130  -0.45181608
 13  -0.00000050   0.00000097   0.26468935
 14   0.00000043  -0.00000071  -0.10200362


MODE = 10
FREQUENCY (CM-1) =   906.58
-------------------------------------------
 AT       X            Y            Z      
-------------------------------------------
  1  -0.00000068  -0.00000005   0.11254730
  2  -0.00000080   0.00000015   0.14271295
  3   0.00000077   0.00000018  -0.45423281
  4   0.00000077   0.00000018   0.45423288
  5  -0.00000080   0.00000015  -0.14271304
  6  -0.00000068  -0.00000005  -0.11254722
  7   0.00000013  -0.00000013   0.42306386
  8   0.00000013  -0.00000013  -0.42306398
  9   0.00000071  -0.00000022   0.02909934
 10   0.00000134  -0.00000039   0.10649429
 11   0.00000025  -0.00000023   0.26356730
 12   0.00000025  -0.00000023  -0.26356737
 13   0.00000134  -0.00000039  -0.10649439
 14   0.00000071  -0.00000022  -0.02909927


MODE = 11
FREQUENCY (CM-1) =   931.63
-------------------------------------------
 AT       X            Y            Z      
-------------------------------------------
  1  -0.00000045   0.00000188   0.33611866
  2   0.00000072   0.00000006  -0.07331859
  3  -0.00000032  -0.00000106  -0.04229070
  4   0.00000032   0.00000106  -0.04229067
  5  -0.00000072  -0.00000006  -0.07331859
  6   0.00000045  -0.00000188   0.33611886
  7  -0.00000079  -0.00000040   0.15221655
  8   0.00000079   0.00000040   0.15221648
  9   0.00000032   0.00000029  -0.08386551
 10  -0.00000044   0.00000163  -0.46862079
 11  -0.00000222   0.00000240  -0.36062662
 12   0.00000222  -0.00000240  -0.36062638
 13   0.00000045  -0.00000163  -0.46862050
 14  -0.00000032  -0.00000029  -0.08386537


MODE = 12
FREQUENCY (CM-1) =   937.62
-------------------------------------------
 AT       X            Y            Z      
-------------------------------------------
  1   0.00000055  -0.00000176  -0.33645056
  2  -0.00000099   0.00000043   0.16820041
  3   0.00000086   0.00000027  -0.17281863
  4   0.00000086   0.00000027   0.17281865
  5  -0.00000099   0.00000043  -0.16820031
  6   0.00000055  -0.00000176   0.33645035
  7   0.00000064   0.00000004   0.16125965
  8   0.00000064   0.00000004  -0.16125979
  9   0.00000043   0.00000003  -0.02173832
 10  -0.00000062   0.00000155  -0.44584215
 11  -0.00000189   0.00000202  -0.32154439
 12  -0.00000189   0.00000202   0.32154456
 13  -0.00000063   0.00000155   0.44584244
 14   0.00000042   0.00000003   0.02173828


MODE = 13
FREQUENCY (CM-1) =   950.82
-------------------------------------------
 AT       X            Y            Z      
-------------------------------------------
  1   0.18554154   0.17494022  -0.00000068
  2   0.09215166   0.07615540   0.00000011
  3  -0.08343980  -0.28380982   0.00000073
  4   0.08344014   0.28381002   0.00000073
  5  -0.09215181  -0.07615552   0.00000011
  6  -0.18554184  -0.17494042  -0.00000068
  7  -0.15283251  -0.08953775  -0.00000401
  8   0.15283275   0.08953783  -0.00000400
  9   0.18265970  -0.01226641   0.00000066
 10   0.33088986  -0.00783719   0.00000051
 11  -0.27036387   0.29263044   0.00000229
 12   0.27036352  -0.29263016   0.00000229
 13  -0.33088953   0.00783723   0.00000051
 14  -0.18265956   0.01226642   0.00000066


MODE = 14
FREQUENCY (CM-1) =   970.97
-------------------------------------------
 AT       X            Y            Z      
-------------------------------------------
  1   0.00000154   0.00000041  -0.12336452
  2  -0.00000039   0.00000112   0.20456683
  3  -0.00000036  -0.00000132  -0.19166700
  4   0.00000036   0.00000132  -0.19166688
  5   0.00000039  -0.00000112   0.20456683
  6  -0.00000154  -0.00000041  -0.12336456
  7  -0.00000119  -0.00000062   0.52132287
  8   0.00000119   0.00000062   0.52132276
  9  -0.00000015   0.00000132  -0.30687487
 10   0.00000142   0.00000008  -0.03141868
 11  -0.00000073   0.00000072   0.19814304
 12   0.00000073  -0.00000073   0.19814289
 13  -0.00000143  -0.00000008  -0.03141863
 14   0.00000015  -0.00000132  -0.30687473


MODE = 15
FREQUENCY (CM-1) =   982.60
-------------------------------------------
 AT       X            Y            Z      
-------------------------------------------
  1   0.26766972   0.15524769  -0.00000046
  2   0.09843657   0.06300227   0.00000136
  3  -0.27725213  -0.12724116  -0.00000197
  4  -0.27725209  -0.12724085   0.00000197
  5   0.09843650   0.06300224  -0.00000136
  6   0.26766946   0.15524749   0.00000046
  7  -0.19763242  -0.04532813   0.00000132
  8  -0.19763231  -0.04532805  -0.00000133
  9  -0.12195416   0.01353066   0.00000183
 10  -0.27568474   0.00414172   0.00000093
 11   0.28866933  -0.28638170  -0.00000346
 12   0.28866966  -0.28638213   0.00000346
 13  -0.27568514   0.00414177  -0.00000094
 14  -0.12195440   0.01353068  -0.00000183


MODE = 16
FREQUENCY (CM-1) =  1025.46
-------------------------------------------
 AT       X            Y            Z      
-------------------------------------------
  1  -0.00000051  -0.00000080  -0.05211238
  2  -0.00000080   0.00000126   0.23697554
  3   0.00000026  -0.00000004  -0.01115929
  4   0.00000025  -0.00000004   0.01115913
  5  -0.00000080   0.00000127  -0.23697566
  6  -0.00000051  -0.00000080   0.05211243
  7   0.00000071   0.00000002  -0.03876234
  8   0.00000071   0.00000002   0.03876286
  9   0.00000270  -0.00000235   0.56647992
 10   0.00000194  -0.00000096   0.25685832
 11  -0.00000171   0.00000184  -0.22940003
 12  -0.00000172   0.00000184   0.22939983
 13   0.00000194  -0.00000096  -0.25685817
 14   0.00000270  -0.00000235  -0.56647959


MODE = 17
FREQUENCY (CM-1) =  1056.43
-------------------------------------------
 AT       X            Y            Z      
-------------------------------------------
  1  -0.00000047  -0.00000041  -0.02113829
  2  -0.00000035   0.00000104   0.18020180
  3  -0.00000047  -0.00000020   0.10685772
  4   0.00000047   0.00000020   0.10685770
  5   0.00000035  -0.00000104   0.18020159
  6   0.00000047   0.00000041  -0.02113827
  7   0.00000009   0.00000008  -0.39183515
  8  -0.00000009  -0.00000008  -0.39183507
  9  -0.00000220   0.00000192  -0.46913425
 10  -0.00000138   0.00000083  -0.22885765
 11   0.00000124  -0.00000133   0.17223266
 12  -0.00000124   0.00000134   0.17223283
 13   0.00000138  -0.00000083  -0.22885793
 14   0.00000220  -0.00000192  -0.46913479


MODE = 18
FREQUENCY (CM-1) =  1159.57
-------------------------------------------
 AT       X            Y            Z      
-------------------------------------------
  1  -0.03503829   0.11516119  -0.00000062
  2  -0.11674182  -0.32208073   0.00000128
  3   0.33611859   0.23480058  -0.00000025
  4   0.33611882   0.23480082   0.00000025
  5  -0.11674195  -0.32208101  -0.00000128
  6  -0.03503818   0.11516128   0.00000062
  7  -0.12812716   0.06109217  -0.00000021
  8  -0.12812695   0.06109223   0.00000021
  9  -0.34974914  -0.11473962   0.00000166
 10  -0.19818485   0.01490661   0.00000091
 11   0.03997713  -0.05746649  -0.00000057
 12   0.03997700  -0.05746638   0.00000057
 13  -0.19818470   0.01490664  -0.00000091
 14  -0.34974889  -0.11473947  -0.00000166


MODE = 19
FREQUENCY (CM-1) =  1221.32
-------------------------------------------
 AT       X            Y            Z      
-------------------------------------------
  1   0.09760227   0.07669128   0.00000018
  2  -0.16723952  -0.31569732   0.00000038
  3   0.19030001   0.27911706  -0.00000002
  4  -0.19029956  -0.27911691  -0.00000001
  5   0.16723948   0.31569714   0.00000038
  6  -0.09760241  -0.07669126   0.00000018
  7   0.29388559   0.09200316  -0.00000050
  8  -0.29388594  -0.09200315  -0.00000050
  9   0.31429199   0.10858387  -0.00000158
 10   0.12834136  -0.00234242  -0.00000088
 11  -0.10309172   0.10163558   0.00000106
 12   0.10309163  -0.10163553   0.00000106
 13  -0.12834147   0.00234245  -0.00000088
 14  -0.31429235  -0.10858391  -0.00000158


MODE = 20
FREQUENCY (CM-1) =  1290.62
-------------------------------------------
 AT       X            Y            Z      
-------------------------------------------
  1   0.08347583   0.11520697  -0.00000008
  2  -0.13794919  -0.21144446  -0.00000012
  3  -0.14986104   0.11965275  -0.00000023
  4  -0.14986111   0.11965227   0.00000023
  5  -0.13794909  -0.21144438   0.00000012
  6   0.08347574   0.11520705   0.00000008
  7   0.57127969   0.06536331   0.00000030
  8   0.57127999   0.06536323  -0.00000030
  9   0.10898462  -0.05097188  -0.00000044
 10  -0.09064150   0.01588634   0.00000061
 11   0.11545918  -0.11107444  -0.00000101
 12   0.11545921  -0.11107448   0.00000101
 13  -0.09064145   0.01588633  -0.00000061
 14   0.10898418  -0.05097195   0.00000044


MODE = 21
FREQUENCY (CM-1) =  1319.32
-------------------------------------------
 AT       X            Y            Z      
-------------------------------------------
  1  -0.06049283   0.21811658  -0.00000111
  2   0.01197517  -0.24927338   0.00000098
  3  -0.06868242   0.27576159   0.00000008
  4   0.06868234  -0.27576154   0.00000008
  5  -0.01197524   0.24927365   0.00000098
  6   0.06049301  -0.21811689  -0.00000111
  7  -0.29590776   0.07001742  -0.00000021
  8   0.29590792  -0.07001737  -0.00000021
  9  -0.35678045   0.05545172   0.00000157
 10   0.28448445  -0.04087284  -0.00000133
 11  -0.00306314  -0.01677036   0.00000015
 12   0.00306321   0.01677027   0.00000015
 13  -0.28448403   0.04087282  -0.00000133
 14   0.35677969  -0.05545173   0.00000157


MODE = 22
FREQUENCY (CM-1) =  1331.79
-------------------------------------------
 AT       X            Y            Z      
-------------------------------------------
  1  -0.13859043   0.22200816  -0.00000147
  2   0.08235666  -0.19163588   0.00000121
  3   0.06760280  -0.04704694   0.00000023
  4   0.06760293  -0.04704740  -0.00000023
  5   0.08235658  -0.19163556  -0.00000121
  6  -0.13859034   0.22200788   0.00000147
  7  -0.16583250  -0.02711923  -0.00000002
  8  -0.16583193  -0.02711936   0.00000002
  9   0.49483721  -0.03650420  -0.00000199
 10  -0.30885149   0.04435844   0.00000138
 11  -0.05938400   0.07680381   0.00000041
 12  -0.05938402   0.07680386  -0.00000041
 13  -0.30885187   0.04435853  -0.00000138
 14   0.49483755  -0.03650435   0.00000199


MODE = 23
FREQUENCY (CM-1) =  1338.09
-------------------------------------------
 AT       X            Y            Z      
-------------------------------------------
  1  -0.06024416   0.13203471  -0.00000075
  2  -0.00789253  -0.10940390   0.00000042
  3   0.03954563  -0.30152640  -0.00000000
  4  -0.03954573   0.30152651  -0.00000000
  5   0.00789243   0.10940365   0.00000042
  6   0.06024418  -0.13203453  -0.00000075
  7   0.46756260  -0.06775316   0.00000043
  8  -0.46756212   0.06775319   0.00000043
  9  -0.36461949   0.01656627   0.00000133
 10   0.13124333  -0.02641743  -0.00000062
 11  -0.00628839   0.00589351   0.00000002
 12   0.00628846  -0.00589359   0.00000002
 13  -0.13124349   0.02641748  -0.00000062
 14   0.36461975  -0.01656639   0.00000133


MODE = 24
FREQUENCY (CM-1) =  1441.15
-------------------------------------------
 AT       X            Y            Z      
-------------------------------------------
  1  -0.01630596  -0.06003035   0.00000007
  2   0.30202598  -0.02259429   0.00000120
  3   0.12120054  -0.07515746  -0.00000019
  4  -0.12120058   0.07515746  -0.00000018
  5  -0.30202597   0.02259429   0.00000120
  6   0.01630600   0.06003031   0.00000007
  7   0.01333908  -0.03146941   0.00000018
  8  -0.01333906   0.03146941   0.00000018
  9   0.19814612   0.02513264  -0.00000049
 10   0.36411943   0.04023178  -0.00000101
 11   0.26588655  -0.37162217  -0.00000240
 12  -0.26588651   0.37162221  -0.00000240
 13  -0.36411945  -0.04023175  -0.00000102
 14  -0.19814620  -0.02513259  -0.00000049


MODE = 25
FREQUENCY (CM-1) =  1472.70
-------------------------------------------
 AT       X            Y            Z      
-------------------------------------------
  1   0.09952149  -0.09989586   0.00000069
  2   0.24307142   0.01424945   0.00000066
  3  -0.14544965  -0.00492665  -0.00000028
  4  -0.14544972  -0.00492660   0.00000028
  5   0.24307148   0.01424944  -0.00000066
  6   0.09952146  -0.09989584  -0.00000069
  7   0.13567098   0.00421264   0.00000023
  8   0.13567101   0.00421267  -0.00000023
  9  -0.20927295  -0.00872430   0.00000058
 10  -0.36815110  -0.05904408   0.00000100
 11  -0.23851486   0.37608943   0.00000224
 12  -0.23851478   0.37608941  -0.00000224
 13  -0.36815108  -0.05904403  -0.00000101
 14  -0.20927293  -0.00872424  -0.00000058


MODE = 26
FREQUENCY (CM-1) =  1636.20
-------------------------------------------
 AT       X            Y            Z      
-------------------------------------------
  1  -0.35424108   0.15008378  -0.00000192
  2   0.28130700  -0.11564470   0.00000158
  3   0.39201233  -0.08020303   0.00000004
  4  -0.39201240   0.08020303   0.00000004
  5  -0.28130670   0.11564459   0.00000158
  6   0.35424083  -0.15008364  -0.00000192
  7  -0.11779262  -0.04678415  -0.00000008
  8   0.11779266   0.04678418  -0.00000008
  9   0.05204523   0.05325427   0.00000001
 10  -0.18847214  -0.08198863   0.00000036
 11  -0.03188224   0.18575728   0.00000075
 12   0.03188222  -0.18575739   0.00000075
 13   0.18847229   0.08198866   0.00000036
 14  -0.05204537  -0.05325429   0.00000001


MODE = 27
FREQUENCY (CM-1) =  1684.87
-------------------------------------------
 AT       X            Y            Z      
-------------------------------------------
  1  -0.37386164   0.15727795  -0.00000204
  2   0.47041920  -0.11777341   0.00000207
  3  -0.12197491  -0.00385489  -0.00000025
  4  -0.12197622  -0.00385455   0.00000025
  5   0.47042046  -0.11777372  -0.00000207
  6  -0.37386255   0.15727833   0.00000204
  7   0.07723902   0.00267346   0.00000025
  8   0.07723955   0.00267363  -0.00000025
  9  -0.14762393  -0.05970744   0.00000014
 10   0.15649940   0.08412162  -0.00000019
 11   0.00159269  -0.15010229  -0.00000059
 12   0.00159265  -0.15010191   0.00000059
 13   0.15649906   0.08412138   0.00000020
 14  -0.14762349  -0.05970722  -0.00000014


MODE = 28
FREQUENCY (CM-1) =  1688.24
-------------------------------------------
 AT       X            Y            Z      
-------------------------------------------
  1   0.19903203  -0.09157741   0.00000114
  2  -0.33333025   0.07508733  -0.00000136
  3   0.49731709  -0.11684395   0.00000041
  4  -0.49731663   0.11684397   0.00000041
  5   0.33332872  -0.07508697  -0.00000136
  6  -0.19903089   0.09157692   0.00000114
  7  -0.18829054  -0.05952196  -0.00000032
  8   0.18829025   0.05952198  -0.00000032
  9  -0.13867671  -0.03918753   0.00000006
 10   0.08020292   0.04559335  -0.00000007
 11   0.00127105  -0.07746508  -0.00000033
 12  -0.00127103   0.07746552  -0.00000033
 13  -0.08020341  -0.04559359  -0.00000007
 14   0.13867722   0.03918767   0.00000006


MODE = 29
FREQUENCY (CM-1) =  3127.21
-------------------------------------------
 AT       X            Y            Z      
-------------------------------------------
  1  -0.02196395   0.00987038  -0.00000011
  2   0.00254366   0.06166319  -0.00000026
  3   0.02266186  -0.18888752  -0.00000006
  4  -0.02266181   0.18888013  -0.00000006
  5  -0.00254394  -0.06165587  -0.00000026
  6   0.02196255  -0.00987014  -0.00000011
  7  -0.03267765   0.63332309   0.00000018
  8   0.03267646  -0.63329778   0.00000018
  9  -0.00991109   0.21138208   0.00000094
 10  -0.00529614   0.07883267   0.00000029
 11  -0.06464536  -0.04541880   0.00000005
 12   0.06465048   0.04542226   0.00000005
 13   0.00529639  -0.07883703   0.00000029
 14   0.00991249  -0.21140707   0.00000094


MODE = 30
FREQUENCY (CM-1) =  3128.16
-------------------------------------------
 AT       X            Y            Z      
-------------------------------------------
  1  -0.02733886   0.00468903  -0.00000011
  2  -0.00516207   0.13618360  -0.00000061
  3   0.00130798  -0.13790775  -0.00000006
  4   0.00130930  -0.13791835   0.00000006
  5  -0.00516184   0.13618557   0.00000061
  6  -0.02733995   0.00468962   0.00000011
  7  -0.02301050   0.47204207   0.00000016
  8  -0.02301234   0.47207759  -0.00000016
  9   0.02658859  -0.46492919  -0.00000210
 10   0.00500089  -0.08422635  -0.00000030
 11   0.09905819   0.06687452  -0.00000009
 12   0.09905522   0.06687239   0.00000009
 13   0.00500061  -0.08422230   0.00000030
 14   0.02658823  -0.46492235   0.00000210


MODE = 31
FREQUENCY (CM-1) =  3137.11
-------------------------------------------
 AT       X            Y            Z      
-------------------------------------------
  1  -0.05386112   0.01620050  -0.00000024
  2  -0.01050198   0.16737846  -0.00000076
  3  -0.01136498   0.07123595   0.00000002
  4   0.01136489  -0.07123330   0.00000002
  5   0.01050189  -0.16737769  -0.00000076
  6   0.05386117  -0.01620060  -0.00000024
  7   0.00885506  -0.23703938  -0.00000009
  8  -0.00885461   0.23703028  -0.00000009
  9  -0.03101471   0.57302217   0.00000260
 10  -0.01509709   0.17704538   0.00000069
 11  -0.17965917  -0.11863885   0.00000017
 12   0.17965919   0.11863881   0.00000017
 13   0.01509708  -0.17704510   0.00000069
 14   0.03101471  -0.57302480   0.00000260


MODE = 32
FREQUENCY (CM-1) =  3141.73
-------------------------------------------
 AT       X            Y            Z      
-------------------------------------------
  1   0.11948301  -0.08807170   0.00000073
  2  -0.01142835  -0.01713871   0.00000002
  3   0.00191150  -0.07457561  -0.00000002
  4   0.00191178  -0.07457590   0.00000002
  5  -0.01142743  -0.01714324  -0.00000002
  6   0.11947866  -0.08806739  -0.00000073
  7  -0.01218923   0.25537324   0.00000009
  8  -0.01218932   0.25537427  -0.00000009
  9  -0.00143526   0.07900402   0.00000037
 10  -0.04468383   0.49960516   0.00000193
 11  -0.32113267  -0.21360719   0.00000030
 12  -0.32114327  -0.21361423  -0.00000030
 13  -0.04468562   0.49962602  -0.00000193
 14  -0.00143441   0.07898955  -0.00000037


MODE = 33
FREQUENCY (CM-1) =  3142.56
-------------------------------------------
 AT       X            Y            Z      
-------------------------------------------
  1  -0.11416834   0.10230341  -0.00000076
  2   0.02094300  -0.08949406   0.00000046
  3   0.00501132   0.00326535   0.00000000
  4  -0.00501093  -0.00327418   0.00000000
  5  -0.02094263   0.08948719   0.00000046
  6   0.11417156  -0.10230442  -0.00000076
  7  -0.00024162  -0.00982591   0.00000001
  8   0.00024004   0.00985618   0.00000001
  9   0.01661737  -0.28090274  -0.00000126
 10  -0.04600621   0.51853915   0.00000200
 11  -0.28538198  -0.19051836   0.00000026
 12   0.28537187   0.19051168   0.00000026
 13   0.04600518  -0.51852895   0.00000200
 14  -0.01661839   0.28092660  -0.00000126


MODE = 34
FREQUENCY (CM-1) =  3143.81
-------------------------------------------
 AT       X            Y            Z      
-------------------------------------------
  1  -0.03900923   0.05521817  -0.00000033
  2   0.01929017  -0.14332158   0.00000067
  3   0.00682024  -0.12075450  -0.00000002
  4   0.00682059  -0.12075511   0.00000002
  5   0.01929126  -0.14332749  -0.00000067
  6  -0.03901381   0.05522258   0.00000033
  7  -0.02253445   0.41399790   0.00000016
  8  -0.02253458   0.41399996  -0.00000016
  9  -0.02369330   0.47956200   0.00000218
 10   0.01881924  -0.22242598  -0.00000086
 11   0.07192886   0.04956200  -0.00000006
 12   0.07191792   0.04955468   0.00000006
 13   0.01881731  -0.22240462   0.00000086
 14  -0.02369213   0.47954292  -0.00000218


MODE = 35
FREQUENCY (CM-1) =  3228.71
-------------------------------------------
 AT       X            Y            Z      
-------------------------------------------
  1   0.12279215   0.19178777  -0.00000027
  2  -0.00331667   0.02654178  -0.00000013
  3  -0.00176959   0.00178210   0.00000000
  4   0.00177030  -0.00178335   0.00000000
  5   0.00331845  -0.02655609  -0.00000013
  6  -0.12285770  -0.19189050  -0.00000027
  7  -0.00202592  -0.00775692  -0.00000001
  8   0.00202634   0.00776303  -0.00000001
  9  -0.00510310   0.07599037   0.00000035
 10  -0.04370756   0.38733097   0.00000153
 11   0.45575694   0.28655543  -0.00000048
 12  -0.45551364  -0.28640238  -0.00000048
 13   0.04368406  -0.38712323   0.00000152
 14   0.00510048  -0.07594912   0.00000035


MODE = 36
FREQUENCY (CM-1) =  3228.73
-------------------------------------------
 AT       X            Y            Z      
-------------------------------------------
  1   0.12278704   0.19189223  -0.00000028
  2  -0.00332866   0.02670360  -0.00000012
  3  -0.00134263   0.00232147  -0.00000001
  4  -0.00134168   0.00232052   0.00000001
  5  -0.00332688   0.02668942   0.00000012
  6   0.12272120   0.19178968   0.00000028
  7  -0.00079906  -0.01141326  -0.00000001
  8  -0.00079797  -0.01140912   0.00000001
  9   0.00487985  -0.07688114  -0.00000036
 10   0.04374036  -0.38739903  -0.00000152
 11  -0.45517719  -0.28620851   0.00000048
 12  -0.45542127  -0.28636191  -0.00000048
 13   0.04376365  -0.38760579   0.00000152
 14   0.00488256  -0.07692170   0.00000036


 Number of lines skipped in fchk file is =           24
 -0.41249208799999998        5.7891682299999996        9.6204239500000001E-006  -1.2232534399999999        3.3942756799999998       -3.6076589800000001E-006  0.41249208799999998        1.2039766199999999       -7.3871112499999999E-006 -0.41249208799999998       -1.2039766199999999       -7.3871112499999999E-006   1.2232534399999999       -3.3942756799999998       -3.6076589800000001E-006  0.41249208799999998       -5.7891682299999996        9.6204239500000001E-006   2.4366612299999999        1.5622753199999999       -7.3871112499999999E-006  -2.4366612299999999       -1.5622753199999999       -7.3871112499999999E-006   3.2441627600000000       -3.0239792900000002       -1.3056289600000000E-005  -1.5856619300000001       -6.2436392999999999        1.7179328500000001E-005   1.7176557400000001       -7.3632747800000002        1.1510150100000000E-005  -1.7176557400000001        7.3632747800000002        1.1510150100000000E-005   1.5856619300000001        6.2436392999999999        1.7179328500000001E-005  -3.2441627600000000        3.0239792900000002       -1.3056289600000000E-005
 Number of lines skipped in fchk file is =           24
   2.1435708700000000        5.4964832399999999        9.7859618799999995E-008   2.1435708700000000        2.8794451200000002        2.5058918100000002E-007  -2.3144834699999998E-002   1.3453709300000001       -7.8870005899999996E-007   2.3144834699999998E-002  -1.3453709300000001       -7.8870005899999996E-007  -2.1435708700000000       -2.8794451200000002        2.5058918100000002E-007  -2.1435708700000000       -5.4964832399999999        9.7859618799999995E-008  -1.8627419900000000        2.2614662299999999        3.4221894299999998E-008   1.8627419900000000       -2.2614662299999999        3.4221894299999998E-008  -3.9629791800000000       -1.9218584000000001        2.7763405799999998E-006 -0.39325560500000001       -6.5617598600000004       -3.0443221200000000E-006  -3.8923190600000002       -6.5550657799999996        2.8752671999999998E-006   3.8923190600000002        6.5550657799999996        2.8752671999999998E-006  0.39325560500000001        6.5617598600000004       -3.0443221200000000E-006   3.9629791800000000        1.9218584000000001        2.7763405799999998E-006
 Coords of ground state
  -0.412   5.789   0.000  -1.223   3.394  -0.000   0.412   1.204  -0.000  -0.412  -1.204  -0.000   1.223  -3.394  -0.000   0.412  -5.789   0.000   2.437   1.562  -0.000  -2.437  -1.562  -0.000   3.244  -3.024  -0.000  -1.586  -6.244   0.000   1.718  -7.363   0.000  -1.718   7.363   0.000   1.586   6.244   0.000  -3.244   3.024  -0.000
 Coords of excited state
   2.144   5.496   0.000   2.144   2.879   0.000  -0.023   1.345  -0.000   0.023  -1.345  -0.000  -2.144  -2.879   0.000  -2.144  -5.496   0.000  -1.863   2.261   0.000   1.863  -2.261   0.000  -3.963  -1.922   0.000  -0.393  -6.562  -0.000  -3.892  -6.555   0.000   3.892   6.555   0.000   0.393   6.562  -0.000   3.963   1.922   0.000
 Coords of delta
********   0.000****************   0.000********************************************************   0.000   0.000****************   0.000********************************   0.000********************************************************************************   0.000****************   0.000   0.000****************   0.000****************
 Normal coords of ground state
   0.000  -0.000  -0.000  -0.000   0.448  -1.225   0.000   0.000   0.000   0.000  -0.000  -0.000  -0.487  -0.000  -0.000   0.000   0.000   0.000   0.273   0.000   0.536   0.000  -0.019   0.066  -0.000   0.260  -0.000  -0.390   0.269  -0.000  -0.023   0.000  -0.448   0.000   0.081   0.000
 Normal coords of excited state
  -0.000   0.000   0.000   0.000  -1.312   4.750   0.000   0.000  -0.000  -0.000   0.000   0.000   2.923   0.000   0.000  -0.000  -0.000   0.000  -3.064  -0.000   5.164   0.000   0.007   0.504  -0.000   0.092  -0.000  -1.859   1.527  -0.000   1.005   0.000  -0.320   0.000  -2.515  -0.001
 Displacements in adimensional normal cartesian coordinates
     LM(Xg-Xex)    LMXg-LMXex     gradient     frequency (cm-1)
     -0.000001      0.000018      0.000957    101.160911
      0.000000     -0.000000     -0.000004    150.309160
      0.000000     -0.000000      0.000000    227.213017
      0.000006     -0.000026      0.000639    257.857021
     -0.358242      1.759887    -23.662455    354.562406
      1.456848     -5.974627     12.101204    447.149547
      0.000000     -0.000000     -0.000001    549.443853
      0.000000     -0.000000     -0.000000    618.866909
     -0.000003      0.000011     -0.000083    710.030024
     -0.000000      0.000000     -0.000000    906.575026
      0.000006     -0.000014     -0.000000    931.628291
      0.000000     -0.000000     -0.000000    937.619954
      1.307373     -3.409601     -4.914425    950.817110
      0.000007     -0.000019     -0.000063    970.967738
      0.000001     -0.000002     -0.000002    982.603946
     -0.000000      0.000000      0.000000   1025.457230
     -0.000000      0.000003     -0.000119   1056.429660
      0.000001     -0.000001     -0.000005   1159.571800
     -1.553050      3.337233      9.419138   1221.320850
     -0.000000      0.000001      0.000004   1290.621510
      2.720730     -4.628350      8.102909   1319.320880
      0.000002     -0.000003      0.000006   1331.788190
      0.003840     -0.026475     -2.022493   1338.093210
      0.277646     -0.438483     -0.994281   1441.148010
     -0.000000     -0.000000     -0.000000   1472.703050
      0.053882      0.168662      0.558264   1636.198010
     -0.000002      0.000002     -0.000003   1684.871120
     -1.107637      1.468163     -1.782111   1688.242130
      1.238773     -1.257905     -0.839680   3127.211830
     -0.000031      0.000031      0.000022   3128.155180
      0.816477     -1.027643     -0.172860   3137.113260
      0.000008     -0.000000     -0.000008   3141.729030
     -0.260453     -0.127337      0.369033   3142.561310
      0.000010     -0.000003     -0.000009   3143.805520
     -2.073045      2.595846      0.346000   3228.707660
     -0.000555      0.000695      0.000093   3228.728480
