 Number of lines skipped in fchk file is =           47
 Number of lines skipped in fchk file is =         8788
 NMODES Number of lines skipped in fchk file is =           87
DEBUG> Writing normal modes product matrix (should be identity)
   1.000   0.000  -0.000   0.000  -0.000   0.000   0.000   0.000  -0.000   0.000  -0.000   0.000  -0.000  -0.000   0.000   0.000   0.000   0.000  -0.000  -0.000  -0.000  -0.000  -0.000   0.000   0.000   0.000   0.000  -0.000   0.000   0.000  -0.000  -0.000   0.000  -0.000  -0.000  -0.000
   0.000   1.000   0.000   0.000  -0.000  -0.000  -0.000   0.000  -0.000   0.000   0.000   0.000   0.000  -0.000  -0.000  -0.000  -0.000  -0.000  -0.000  -0.000  -0.000  -0.000   0.000  -0.000   0.000   0.000   0.000   0.000  -0.000  -0.000   0.000   0.000   0.000   0.000  -0.000  -0.000
  -0.000   0.000   1.000   0.000   0.000  -0.000  -0.000  -0.000   0.000   0.000  -0.000  -0.000  -0.000   0.000   0.000  -0.000  -0.000  -0.000  -0.000   0.000  -0.000   0.000  -0.000  -0.000  -0.000  -0.000  -0.000   0.000   0.000   0.000   0.000   0.000  -0.000   0.000   0.000   0.000
   0.000   0.000   0.000   1.000  -0.000  -0.000   0.000  -0.000   0.000  -0.000  -0.000  -0.000   0.000   0.000  -0.000  -0.000   0.000  -0.000   0.000  -0.000   0.000   0.000   0.000  -0.000   0.000   0.000   0.000  -0.000  -0.000   0.000  -0.000  -0.000   0.000   0.000   0.000  -0.000
  -0.000  -0.000   0.000  -0.000   1.000   0.000   0.000   0.000  -0.000  -0.000   0.000  -0.000   0.000  -0.000   0.000   0.000   0.000   0.000   0.000  -0.000   0.000   0.000   0.000  -0.000  -0.000  -0.000   0.000   0.000  -0.000   0.000  -0.000   0.000   0.000  -0.000   0.000   0.000
   0.000  -0.000  -0.000  -0.000   0.000   1.000  -0.000  -0.000  -0.000  -0.000  -0.000  -0.000  -0.000   0.000   0.000  -0.000  -0.000   0.000  -0.000  -0.000   0.000   0.000   0.000  -0.000   0.000   0.000   0.000  -0.000   0.000   0.000  -0.000  -0.000   0.000   0.000  -0.000   0.000
   0.000  -0.000  -0.000   0.000   0.000  -0.000   1.000   0.000   0.000   0.000  -0.000  -0.000   0.000  -0.000   0.000   0.000   0.000   0.000  -0.000   0.000  -0.000   0.000  -0.000   0.000   0.000  -0.000  -0.000   0.000   0.000  -0.000   0.000   0.000   0.000  -0.000   0.000   0.000
   0.000   0.000  -0.000  -0.000   0.000  -0.000   0.000   1.000   0.000  -0.000  -0.000  -0.000   0.000   0.000  -0.000  -0.000  -0.000  -0.000   0.000  -0.000   0.000  -0.000  -0.000  -0.000  -0.000  -0.000   0.000   0.000  -0.000   0.000  -0.000  -0.000  -0.000   0.000   0.000   0.000
  -0.000  -0.000   0.000   0.000  -0.000  -0.000   0.000   0.000   1.000  -0.000   0.000   0.000  -0.000  -0.000  -0.000   0.000   0.000  -0.000  -0.000  -0.000   0.000  -0.000   0.000  -0.000   0.000   0.000   0.000  -0.000   0.000   0.000   0.000  -0.000   0.000  -0.000  -0.000  -0.000
   0.000   0.000   0.000  -0.000  -0.000  -0.000   0.000  -0.000  -0.000   1.000   0.000  -0.000   0.000   0.000   0.000  -0.000  -0.000   0.000  -0.000   0.000  -0.000   0.000  -0.000  -0.000   0.000  -0.000  -0.000  -0.000   0.000  -0.000  -0.000   0.000   0.000   0.000   0.000  -0.000
  -0.000   0.000  -0.000  -0.000   0.000  -0.000  -0.000  -0.000   0.000   0.000   1.000   0.000  -0.000   0.000  -0.000  -0.000   0.000   0.000   0.000  -0.000  -0.000   0.000   0.000   0.000   0.000   0.000   0.000  -0.000   0.000   0.000   0.000   0.000  -0.000   0.000   0.000  -0.000
   0.000   0.000  -0.000  -0.000  -0.000  -0.000  -0.000  -0.000   0.000  -0.000   0.000   1.000   0.000   0.000   0.000  -0.000  -0.000   0.000   0.000  -0.000   0.000   0.000   0.000   0.000  -0.000   0.000  -0.000   0.000   0.000  -0.000   0.000   0.000  -0.000   0.000   0.000   0.000
  -0.000   0.000  -0.000   0.000   0.000  -0.000   0.000   0.000  -0.000   0.000  -0.000   0.000   1.000   0.000  -0.000  -0.000   0.000  -0.000   0.000  -0.000   0.000  -0.000  -0.000  -0.000  -0.000   0.000  -0.000  -0.000  -0.000   0.000   0.000  -0.000   0.000  -0.000  -0.000   0.000
  -0.000  -0.000   0.000   0.000  -0.000   0.000  -0.000   0.000  -0.000   0.000   0.000   0.000   0.000   1.000   0.000   0.000  -0.000   0.000  -0.000  -0.000   0.000  -0.000   0.000   0.000   0.000  -0.000   0.000  -0.000  -0.000   0.000  -0.000  -0.000  -0.000  -0.000   0.000   0.000
   0.000  -0.000   0.000  -0.000   0.000   0.000   0.000  -0.000  -0.000   0.000  -0.000   0.000  -0.000   0.000   1.000  -0.000   0.000   0.000  -0.000  -0.000  -0.000   0.000   0.000   0.000   0.000  -0.000   0.000  -0.000   0.000  -0.000   0.000   0.000   0.000  -0.000  -0.000  -0.000
   0.000  -0.000  -0.000  -0.000   0.000  -0.000   0.000  -0.000   0.000  -0.000  -0.000  -0.000  -0.000   0.000  -0.000   1.000   0.000   0.000  -0.000  -0.000  -0.000   0.000  -0.000   0.000   0.000   0.000   0.000   0.000   0.000  -0.000   0.000   0.000   0.000  -0.000  -0.000  -0.000
   0.000  -0.000  -0.000   0.000   0.000  -0.000   0.000  -0.000   0.000  -0.000   0.000  -0.000   0.000  -0.000   0.000   0.000   1.000  -0.000   0.000  -0.000   0.000  -0.000  -0.000  -0.000  -0.000   0.000  -0.000  -0.000  -0.000   0.000  -0.000  -0.000  -0.000   0.000  -0.000   0.000
   0.000  -0.000  -0.000  -0.000   0.000   0.000   0.000  -0.000  -0.000   0.000   0.000   0.000  -0.000   0.000   0.000   0.000  -0.000   1.000   0.000  -0.000   0.000  -0.000  -0.000   0.000   0.000   0.000  -0.000  -0.000  -0.000   0.000   0.000   0.000   0.000   0.000  -0.000   0.000
  -0.000  -0.000  -0.000   0.000   0.000  -0.000  -0.000   0.000  -0.000  -0.000   0.000   0.000   0.000  -0.000  -0.000  -0.000   0.000   0.000   1.000   0.000  -0.000   0.000   0.000   0.000  -0.000   0.000  -0.000   0.000   0.000  -0.000   0.000  -0.000  -0.000  -0.000  -0.000   0.000
  -0.000  -0.000   0.000  -0.000  -0.000  -0.000   0.000  -0.000  -0.000   0.000  -0.000  -0.000  -0.000  -0.000  -0.000  -0.000  -0.000  -0.000   0.000   1.000   0.000   0.000  -0.000   0.000   0.000   0.000   0.000  -0.000  -0.000   0.000  -0.000   0.000   0.000   0.000  -0.000   0.000
  -0.000  -0.000  -0.000   0.000   0.000   0.000  -0.000   0.000   0.000  -0.000  -0.000   0.000   0.000   0.000  -0.000  -0.000   0.000   0.000  -0.000   0.000   1.000   0.000  -0.000   0.000  -0.000  -0.000   0.000   0.000   0.000  -0.000   0.000   0.000  -0.000  -0.000  -0.000  -0.000
  -0.000  -0.000   0.000   0.000   0.000   0.000   0.000  -0.000  -0.000   0.000   0.000   0.000  -0.000  -0.000   0.000   0.000  -0.000  -0.000   0.000   0.000   0.000   1.000   0.000  -0.000   0.000   0.000  -0.000  -0.000   0.000   0.000  -0.000   0.000   0.000   0.000  -0.000  -0.000
  -0.000   0.000  -0.000   0.000   0.000   0.000  -0.000  -0.000   0.000  -0.000   0.000   0.000  -0.000   0.000   0.000  -0.000  -0.000  -0.000   0.000  -0.000  -0.000   0.000   1.000   0.000   0.000  -0.000  -0.000   0.000  -0.000  -0.000   0.000  -0.000  -0.000  -0.000  -0.000   0.000
   0.000  -0.000  -0.000  -0.000  -0.000  -0.000   0.000  -0.000  -0.000  -0.000   0.000   0.000  -0.000   0.000   0.000   0.000  -0.000   0.000   0.000   0.000   0.000  -0.000   0.000   1.000   0.000  -0.000   0.000   0.000  -0.000  -0.000   0.000   0.000  -0.000   0.000  -0.000  -0.000
   0.000   0.000  -0.000   0.000  -0.000   0.000   0.000  -0.000   0.000   0.000   0.000  -0.000  -0.000   0.000   0.000   0.000  -0.000   0.000  -0.000   0.000  -0.000   0.000   0.000   0.000   1.000  -0.000   0.000  -0.000  -0.000   0.000  -0.000  -0.000  -0.000   0.000   0.000  -0.000
   0.000   0.000  -0.000   0.000  -0.000   0.000  -0.000  -0.000   0.000  -0.000   0.000   0.000   0.000  -0.000  -0.000   0.000   0.000   0.000   0.000   0.000  -0.000   0.000  -0.000  -0.000  -0.000   1.000   0.000  -0.000  -0.000   0.000   0.000   0.000  -0.000  -0.000   0.000   0.000
   0.000   0.000  -0.000   0.000   0.000   0.000  -0.000   0.000   0.000  -0.000   0.000  -0.000  -0.000   0.000   0.000   0.000  -0.000  -0.000  -0.000   0.000   0.000  -0.000  -0.000   0.000   0.000   0.000   1.000  -0.000  -0.000   0.000   0.000  -0.000  -0.000   0.000  -0.000  -0.000
  -0.000   0.000   0.000  -0.000   0.000  -0.000   0.000   0.000  -0.000  -0.000  -0.000   0.000  -0.000  -0.000  -0.000   0.000  -0.000  -0.000   0.000  -0.000   0.000  -0.000   0.000   0.000  -0.000  -0.000  -0.000   1.000   0.000  -0.000   0.000  -0.000   0.000   0.000  -0.000  -0.000
   0.000  -0.000   0.000  -0.000  -0.000   0.000   0.000  -0.000   0.000   0.000   0.000   0.000  -0.000  -0.000   0.000   0.000  -0.000  -0.000   0.000  -0.000   0.000   0.000  -0.000  -0.000  -0.000  -0.000  -0.000   0.000   1.000  -0.000  -0.000   0.000   0.000   0.000  -0.000  -0.000
   0.000  -0.000   0.000   0.000   0.000   0.000  -0.000   0.000   0.000  -0.000   0.000  -0.000   0.000   0.000  -0.000  -0.000   0.000   0.000  -0.000   0.000  -0.000   0.000  -0.000  -0.000   0.000   0.000   0.000  -0.000  -0.000   1.000  -0.000  -0.000   0.000   0.000  -0.000   0.000
  -0.000   0.000   0.000  -0.000  -0.000  -0.000   0.000  -0.000   0.000  -0.000   0.000   0.000   0.000  -0.000   0.000   0.000  -0.000   0.000   0.000  -0.000   0.000  -0.000   0.000   0.000  -0.000   0.000   0.000   0.000  -0.000  -0.000   1.000   0.000  -0.000   0.000   0.000  -0.000
  -0.000   0.000   0.000  -0.000   0.000  -0.000   0.000  -0.000  -0.000   0.000   0.000   0.000  -0.000  -0.000   0.000   0.000  -0.000   0.000  -0.000   0.000   0.000   0.000  -0.000   0.000  -0.000   0.000  -0.000  -0.000   0.000  -0.000   0.000   1.000  -0.000  -0.000   0.000  -0.000
   0.000   0.000  -0.000   0.000   0.000   0.000   0.000  -0.000   0.000   0.000  -0.000  -0.000   0.000  -0.000   0.000   0.000  -0.000   0.000  -0.000   0.000  -0.000   0.000  -0.000  -0.000  -0.000  -0.000  -0.000   0.000   0.000   0.000  -0.000  -0.000   1.000  -0.000   0.000  -0.000
  -0.000   0.000   0.000   0.000  -0.000   0.000  -0.000   0.000  -0.000   0.000   0.000   0.000  -0.000  -0.000  -0.000  -0.000   0.000   0.000  -0.000   0.000  -0.000   0.000  -0.000   0.000   0.000  -0.000   0.000   0.000   0.000   0.000   0.000  -0.000  -0.000   1.000  -0.000  -0.000
  -0.000  -0.000   0.000   0.000   0.000  -0.000   0.000   0.000  -0.000   0.000   0.000   0.000  -0.000   0.000  -0.000  -0.000  -0.000  -0.000  -0.000  -0.000  -0.000  -0.000  -0.000  -0.000   0.000   0.000  -0.000  -0.000  -0.000  -0.000   0.000   0.000   0.000  -0.000   1.000   0.000
  -0.000  -0.000   0.000  -0.000   0.000   0.000   0.000   0.000  -0.000  -0.000  -0.000   0.000   0.000   0.000  -0.000  -0.000   0.000   0.000   0.000   0.000  -0.000  -0.000   0.000  -0.000  -0.000   0.000  -0.000  -0.000  -0.000   0.000  -0.000  -0.000  -0.000  -0.000   0.000   1.000
 Frequencies=    100.69410200000000        144.25279699999999        230.23900499999999        253.06356500000001        340.35924299999999        435.96941199999998        530.51392599999997        597.64437599999997        685.07891099999995        866.27256999999997        880.18561000000000        887.40208500000006        921.38059499999997        927.89414099999999        955.93133799999998        985.99739999999997        1019.7547800000000        1135.5634900000000        1189.9795999999999        1244.1989000000001        1274.3963200000001        1287.0262600000001        1290.3154600000000        1391.7459699999999        1423.8554899999999        1578.4276800000000        1623.8899799999999        1627.1166900000001        3044.8819600000002        3047.3330700000001        3056.7733499999999        3061.5330399999998        3065.8965600000001        3065.9195300000001        3154.6618899999999        3154.6722000000000     

 %%%%%%%%%%%%%%%%%%%%%%%%%%%%%%%%%%%%%%%%%%%
            WRITING NORMAL MODES            
 %%%%%%%%%%%%%%%%%%%%%%%%%%%%%%%%%%%%%%%%%%%

MODE =  1
FREQUENCY (CM-1) =   100.69
-------------------------------------------
 AT       X            Y            Z      
-------------------------------------------
  1   0.00000042  -0.00000010   0.46792041
  2  -0.00000005   0.00000010  -0.15419543
  3   0.00000003   0.00000005  -0.37734392
  4  -0.00000003  -0.00000005  -0.37734481
  5   0.00000005  -0.00000010  -0.15419607
  6  -0.00000042   0.00000010   0.46792081
  7   0.00000003   0.00000002  -0.09911789
  8  -0.00000003  -0.00000002  -0.09911850
  9   0.00000007  -0.00000005  -0.11159190
 10  -0.00000025   0.00000010   0.22041146
 11  -0.00000018   0.00000004   0.20982612
 12   0.00000018  -0.00000004   0.20982564
 13   0.00000025  -0.00000010   0.22041119
 14  -0.00000007   0.00000005  -0.11159174


MODE =  2
FREQUENCY (CM-1) =   144.25
-------------------------------------------
 AT       X            Y            Z      
-------------------------------------------
  1   0.09565239   0.40994561   0.00000009
  2  -0.13562506  -0.08039680  -0.00000033
  3   0.03463227  -0.39533189   0.00000021
  4   0.03463213  -0.39533222  -0.00000021
  5  -0.13562512  -0.08039737   0.00000033
  6   0.09565276   0.40994583  -0.00000009
  7   0.05002289  -0.11152650   0.00000030
  8   0.05002272  -0.11152660  -0.00000030
  9  -0.15019171  -0.02900934   0.00000031
 10   0.16497516   0.13275477  -0.00000021
 11  -0.04637865   0.23477537   0.00000007
 12  -0.04637855   0.23477496  -0.00000007
 13   0.16497464   0.13275468   0.00000021
 14  -0.15019161  -0.02900918  -0.00000031


MODE =  3
FREQUENCY (CM-1) =   230.24
-------------------------------------------
 AT       X            Y            Z      
-------------------------------------------
  1  -0.00000025   0.00000008  -0.22696505
  2   0.00000019  -0.00000004   0.32506023
  3   0.00000013  -0.00000007   0.44310081
  4   0.00000013  -0.00000007  -0.44310017
  5   0.00000019  -0.00000004  -0.32505977
  6  -0.00000025   0.00000008   0.22696402
  7   0.00000002  -0.00000000   0.30290154
  8   0.00000002  -0.00000000  -0.30290150
  9   0.00000010  -0.00000002  -0.11893476
 10  -0.00000020   0.00000007   0.12898384
 11  -0.00000014   0.00000003   0.15476841
 12  -0.00000014   0.00000003  -0.15476856
 13  -0.00000020   0.00000007  -0.12898442
 14   0.00000010  -0.00000002   0.11893523


MODE =  4
FREQUENCY (CM-1) =   253.06
-------------------------------------------
 AT       X            Y            Z      
-------------------------------------------
  1  -0.00000017  -0.00000028   0.03653603
  2  -0.00000011   0.00000054  -0.31648834
  3   0.00000009   0.00000019   0.32054434
  4  -0.00000009  -0.00000019   0.32054403
  5   0.00000011  -0.00000054  -0.31648835
  6   0.00000017   0.00000028   0.03653612
  7   0.00000013   0.00000006   0.12836116
  8  -0.00000013  -0.00000006   0.12836078
  9   0.00000005  -0.00000026  -0.37587908
 10   0.00000003   0.00000036   0.31084148
 11   0.00000014   0.00000018  -0.20339092
 12  -0.00000014  -0.00000018  -0.20339061
 13  -0.00000003  -0.00000036   0.31084101
 14  -0.00000005   0.00000026  -0.37587897


MODE =  5
FREQUENCY (CM-1) =   340.36
-------------------------------------------
 AT       X            Y            Z      
-------------------------------------------
  1  -0.29688785  -0.16667821   0.00000005
  2  -0.02084745   0.38160911   0.00000034
  3   0.08618509   0.23253767  -0.00000043
  4  -0.08618532  -0.23253684  -0.00000043
  5   0.02084765  -0.38160923   0.00000034
  6   0.29688785   0.16667752   0.00000005
  7   0.13233261   0.07216091  -0.00000017
  8  -0.13233285  -0.07216068  -0.00000017
  9  -0.05425324  -0.11195733   0.00000035
 10   0.29083200   0.06934538  -0.00000017
 11  -0.02263566   0.22002961   0.00000013
 12   0.02263561  -0.22002971   0.00000013
 13  -0.29083190  -0.06934559  -0.00000017
 14   0.05425355   0.11195732   0.00000035


MODE =  6
FREQUENCY (CM-1) =   435.97
-------------------------------------------
 AT       X            Y            Z      
-------------------------------------------
  1   0.40240240  -0.06157187  -0.00000021
  2   0.41577715   0.09641037  -0.00000001
  3   0.15746567   0.21140191   0.00000021
  4  -0.15746596  -0.21140165   0.00000021
  5  -0.41577711  -0.09641061  -0.00000001
  6  -0.40240217   0.06157181  -0.00000021
  7   0.10880516   0.06076266   0.00000005
  8  -0.10880534  -0.06076258   0.00000005
  9  -0.19171680  -0.03314175   0.00000009
 10  -0.09664103   0.02055468  -0.00000016
 11  -0.13328357   0.04145610   0.00000002
 12   0.13328356  -0.04145598   0.00000002
 13   0.09664125  -0.02055469  -0.00000016
 14   0.19171686   0.03314169   0.00000009


MODE =  7
FREQUENCY (CM-1) =   530.51
-------------------------------------------
 AT       X            Y            Z      
-------------------------------------------
  1  -0.24398407  -0.00780844   0.00000003
  2  -0.04018238   0.31655568   0.00000047
  3   0.30798314  -0.25680906  -0.00000023
  4   0.30798291  -0.25680949   0.00000023
  5  -0.04018271   0.31655523  -0.00000047
  6  -0.24398407  -0.00780815  -0.00000003
  7   0.22644265  -0.06631516  -0.00000065
  8   0.22644246  -0.06631529   0.00000065
  9  -0.06675248   0.08543649   0.00000015
 10  -0.27907090  -0.02360060  -0.00000052
 11   0.03719912  -0.17473892   0.00000066
 12   0.03719914  -0.17473900  -0.00000066
 13  -0.27907091  -0.02360071   0.00000052
 14  -0.06675219   0.08543664  -0.00000015


MODE =  8
FREQUENCY (CM-1) =   597.64
-------------------------------------------
 AT       X            Y            Z      
-------------------------------------------
  1   0.00000029   0.00000004  -0.03222505
  2   0.00000013  -0.00000057   0.26543059
  3  -0.00000035   0.00000046  -0.01955626
  4  -0.00000035   0.00000046   0.01955743
  5   0.00000013  -0.00000057  -0.26543218
  6   0.00000029   0.00000004   0.03222504
  7  -0.00000032   0.00000009  -0.30792764
  8  -0.00000032   0.00000009   0.30792847
  9   0.00000003  -0.00000006   0.17634316
 10   0.00000056  -0.00000025  -0.31408506
 11  -0.00000050   0.00000043   0.45117656
 12  -0.00000050   0.00000043  -0.45117477
 13   0.00000056  -0.00000025   0.31408414
 14   0.00000003  -0.00000006  -0.17634340


MODE =  9
FREQUENCY (CM-1) =   685.08
-------------------------------------------
 AT       X            Y            Z      
-------------------------------------------
  1   0.00000008   0.00000008  -0.03297302
  2   0.00000027  -0.00000013   0.38088189
  3   0.00000010   0.00000005  -0.23208469
  4  -0.00000010  -0.00000005  -0.23208469
  5  -0.00000027   0.00000013   0.38088057
  6  -0.00000008  -0.00000008  -0.03297266
  7   0.00000002   0.00000001  -0.11895544
  8  -0.00000002  -0.00000001  -0.11895418
  9  -0.00000000  -0.00000004  -0.09600191
 10  -0.00000007   0.00000024   0.26789146
 11   0.00000036  -0.00000014  -0.45259851
 12  -0.00000036   0.00000014  -0.45260000
 13   0.00000007  -0.00000024   0.26789272
 14   0.00000000   0.00000004  -0.09600297


MODE = 10
FREQUENCY (CM-1) =   866.27
-------------------------------------------
 AT       X            Y            Z      
-------------------------------------------
  1   0.00000016  -0.00000005   0.18059428
  2   0.00000007  -0.00000005   0.10326019
  3   0.00000002  -0.00000000  -0.40726480
  4   0.00000002  -0.00000000   0.40726547
  5   0.00000007  -0.00000005  -0.10325754
  6   0.00000016  -0.00000005  -0.18060321
  7  -0.00000010   0.00000004   0.38217131
  8  -0.00000010   0.00000004  -0.38217413
  9  -0.00000005   0.00000000   0.02984872
 10  -0.00000036   0.00000018   0.19959280
 11  -0.00000031   0.00000013   0.32261131
 12  -0.00000031   0.00000013  -0.32260166
 13  -0.00000036   0.00000018  -0.19958117
 14  -0.00000005   0.00000000  -0.02984783


MODE = 11
FREQUENCY (CM-1) =   880.19
-------------------------------------------
 AT       X            Y            Z      
-------------------------------------------
  1   0.00000024  -0.00000030   0.34655474
  2  -0.00000006   0.00000001  -0.09410270
  3   0.00000006   0.00000011  -0.02694425
  4  -0.00000006  -0.00000011  -0.02691749
  5   0.00000006  -0.00000001  -0.09411827
  6  -0.00000024   0.00000030   0.34656946
  7   0.00000008   0.00000005   0.10881318
  8  -0.00000008  -0.00000005   0.10878802
  9  -0.00000004  -0.00000001  -0.04642534
 10   0.00000035  -0.00000039  -0.45932281
 11   0.00000056  -0.00000038  -0.38125418
 12  -0.00000056   0.00000038  -0.38124563
 13  -0.00000035   0.00000039  -0.45930274
 14   0.00000004   0.00000001  -0.04642655


MODE = 12
FREQUENCY (CM-1) =   887.40
-------------------------------------------
 AT       X            Y            Z      
-------------------------------------------
  1  -0.00000019   0.00000030  -0.30800012
  2   0.00000013  -0.00000006   0.20659877
  3  -0.00000009  -0.00000005  -0.26325522
  4  -0.00000009  -0.00000005   0.26325729
  5   0.00000013  -0.00000006  -0.20659317
  6  -0.00000019   0.00000030   0.30797859
  7  -0.00000015   0.00000001   0.24523599
  8  -0.00000015   0.00000001  -0.24524366
  9  -0.00000004   0.00000001   0.01092504
 10   0.00000026  -0.00000034  -0.39984187
 11   0.00000045  -0.00000032  -0.27019150
 12   0.00000045  -0.00000032   0.27021549
 13   0.00000026  -0.00000034   0.39987051
 14  -0.00000004   0.00000001  -0.01092216


MODE = 13
FREQUENCY (CM-1) =   921.38
-------------------------------------------
 AT       X            Y            Z      
-------------------------------------------
  1   0.19129733   0.17854993   0.00000009
  2   0.08965063   0.06627419  -0.00000006
  3  -0.07231059  -0.27334432  -0.00000015
  4   0.07231193   0.27334477  -0.00000015
  5  -0.08965099  -0.06627403  -0.00000006
  6  -0.19129884  -0.17855104   0.00000009
  7  -0.14770965  -0.08647857   0.00000059
  8   0.14771081   0.08647875   0.00000059
  9   0.18732562  -0.00899390   0.00000016
 10   0.33431397  -0.00743177   0.00000010
 11  -0.27529921   0.29507843  -0.00000043
 12   0.27529761  -0.29507686  -0.00000043
 13  -0.33431243   0.00743163   0.00000010
 14  -0.18732485   0.00899397   0.00000016


MODE = 14
FREQUENCY (CM-1) =   927.89
-------------------------------------------
 AT       X            Y            Z      
-------------------------------------------
  1  -0.00000022  -0.00000006  -0.09213222
  2   0.00000011  -0.00000004   0.20454343
  3  -0.00000001   0.00000010  -0.19551474
  4   0.00000001  -0.00000010  -0.19551460
  5  -0.00000011   0.00000004   0.20454313
  6   0.00000022   0.00000006  -0.09213179
  7  -0.00000003   0.00000008   0.52433527
  8   0.00000003  -0.00000008   0.52433493
  9  -0.00000010  -0.00000014  -0.32209290
 10  -0.00000018  -0.00000006  -0.07858218
 11   0.00000001  -0.00000011   0.16309861
 12  -0.00000001   0.00000011   0.16309950
 13   0.00000018   0.00000006  -0.07858218
 14   0.00000010   0.00000014  -0.32209339


MODE = 15
FREQUENCY (CM-1) =   955.93
-------------------------------------------
 AT       X            Y            Z      
-------------------------------------------
  1   0.26661859   0.16508372   0.00000011
  2   0.08572947   0.03854303  -0.00000046
  3  -0.25428382  -0.11059620   0.00000020
  4  -0.25428340  -0.11059465  -0.00000020
  5   0.08572895   0.03854236   0.00000046
  6   0.26661762   0.16508291  -0.00000012
  7  -0.20561077  -0.04118397  -0.00000013
  8  -0.20560996  -0.04118348   0.00000013
  9  -0.13909620   0.00538580  -0.00000123
 10  -0.28694176   0.00499037  -0.00000060
 11   0.29326773  -0.29020556   0.00000086
 12   0.29326920  -0.29020713  -0.00000086
 13  -0.28694358   0.00499032   0.00000060
 14  -0.13909729   0.00538593   0.00000123


MODE = 16
FREQUENCY (CM-1) =   986.00
-------------------------------------------
 AT       X            Y            Z      
-------------------------------------------
  1   0.00000049   0.00000032  -0.03643151
  2   0.00000028  -0.00000000   0.23014281
  3  -0.00000051  -0.00000024  -0.00191863
  4  -0.00000051  -0.00000024   0.00191900
  5   0.00000028  -0.00000000  -0.23014311
  6   0.00000049   0.00000032   0.03643174
  7  -0.00000050  -0.00000010  -0.05595581
  8  -0.00000050  -0.00000010   0.05595503
  9  -0.00000043   0.00000023   0.56988904
 10  -0.00000072   0.00000024   0.27143055
 11   0.00000077  -0.00000064  -0.21005735
 12   0.00000077  -0.00000064   0.21005750
 13  -0.00000072   0.00000024  -0.27143109
 14  -0.00000043   0.00000023  -0.56988893


MODE = 17
FREQUENCY (CM-1) =  1019.75
-------------------------------------------
 AT       X            Y            Z      
-------------------------------------------
  1   0.00000012   0.00000009  -0.01232453
  2   0.00000009  -0.00000006   0.17438677
  3   0.00000004  -0.00000016   0.11029695
  4  -0.00000004   0.00000015   0.11029659
  5  -0.00000009   0.00000006   0.17438726
  6  -0.00000012  -0.00000009  -0.01232476
  7  -0.00000006  -0.00000009  -0.40024500
  8   0.00000006   0.00000009  -0.40024476
  9   0.00000031  -0.00000016  -0.46750258
 10   0.00000034  -0.00000020  -0.23086581
 11  -0.00000031   0.00000023   0.15880325
 12   0.00000032  -0.00000023   0.15880314
 13  -0.00000034   0.00000020  -0.23086590
 14  -0.00000031   0.00000016  -0.46750209


MODE = 18
FREQUENCY (CM-1) =  1135.56
-------------------------------------------
 AT       X            Y            Z      
-------------------------------------------
  1  -0.05827788   0.09854656   0.00000004
  2  -0.10538932  -0.31747916  -0.00000021
  3   0.35372054   0.23852147   0.00000011
  4   0.35372019   0.23852110  -0.00000011
  5  -0.10538918  -0.31747866   0.00000021
  6  -0.05827807   0.09854640  -0.00000004
  7  -0.13320271   0.06193129   0.00000003
  8  -0.13320327   0.06193117  -0.00000003
  9  -0.35282010  -0.11416457  -0.00000002
 10  -0.18106724   0.01301795  -0.00000014
 11   0.01128818  -0.02837818  -0.00000007
 12   0.01128846  -0.02837850   0.00000007
 13  -0.18106750   0.01301794   0.00000014
 14  -0.35282094  -0.11416477   0.00000002


MODE = 19
FREQUENCY (CM-1) =  1189.98
-------------------------------------------
 AT       X            Y            Z      
-------------------------------------------
  1   0.09174001   0.06481603  -0.00000007
  2  -0.16723991  -0.31122836  -0.00000003
  3   0.18846213   0.26990971   0.00000002
  4  -0.18846297  -0.26991012   0.00000002
  5   0.16724004   0.31122906  -0.00000003
  6  -0.09173971  -0.06481630  -0.00000007
  7   0.31957707   0.08977036   0.00000021
  8  -0.31957639  -0.08977044   0.00000021
  9   0.32095820   0.10761290   0.00000002
 10   0.11478355   0.00004038   0.00000009
 11  -0.09123009   0.08888107  -0.00000006
 12   0.09123024  -0.08888120  -0.00000006
 13  -0.11478315  -0.00004045   0.00000009
 14  -0.32095800  -0.10761268   0.00000002


MODE = 20
FREQUENCY (CM-1) =  1244.20
-------------------------------------------
 AT       X            Y            Z      
-------------------------------------------
  1   0.08178516   0.11535391   0.00000000
  2  -0.13851455  -0.22450224   0.00000003
  3  -0.13898444   0.13201829   0.00000001
  4  -0.13898430   0.13201817  -0.00000001
  5  -0.13851466  -0.22450240  -0.00000003
  6   0.08178516   0.11535391  -0.00000000
  7   0.56984107   0.06844548   0.00000008
  8   0.56984170   0.06844546  -0.00000008
  9   0.08835331  -0.05497556   0.00000013
 10  -0.09530077   0.01482439  -0.00000006
 11   0.11244156  -0.10720956   0.00000012
 12   0.11244156  -0.10720953  -0.00000012
 13  -0.09530092   0.01482436   0.00000006
 14   0.08835335  -0.05497551  -0.00000013


MODE = 21
FREQUENCY (CM-1) =  1274.40
-------------------------------------------
 AT       X            Y            Z      
-------------------------------------------
  1  -0.05636464   0.21282760   0.00000014
  2   0.00865804  -0.25751678  -0.00000020
  3  -0.06924168   0.30427603   0.00000004
  4   0.06924194  -0.30427615   0.00000004
  5  -0.00865775   0.25751639  -0.00000020
  6   0.05636418  -0.21282704   0.00000014
  7  -0.30268947   0.07748072  -0.00000004
  8   0.30268873  -0.07748080  -0.00000004
  9  -0.32426527   0.05835281  -0.00000018
 10   0.28248976  -0.03852359   0.00000024
 11  -0.00286340  -0.01700873   0.00000004
 12   0.00286343   0.01700859   0.00000004
 13  -0.28249030   0.03852370   0.00000024
 14   0.32426621  -0.05835289  -0.00000018


MODE = 22
FREQUENCY (CM-1) =  1287.03
-------------------------------------------
 AT       X            Y            Z      
-------------------------------------------
  1  -0.14005134   0.22278017   0.00000018
  2   0.08003656  -0.19443062  -0.00000025
  3   0.06951293  -0.04484872   0.00000002
  4   0.06951164  -0.04483928  -0.00000002
  5   0.08003693  -0.19442726   0.00000025
  6  -0.14004940   0.22277601  -0.00000018
  7  -0.15863809  -0.02654190  -0.00000005
  8  -0.15865282  -0.02653981   0.00000005
  9   0.49528506  -0.03666976   0.00000020
 10  -0.30957134   0.04361180  -0.00000030
 11  -0.05984864   0.07651657  -0.00000014
 12  -0.05984809   0.07651584   0.00000014
 13  -0.30957492   0.04361262   0.00000030
 14   0.49529617  -0.03667025  -0.00000020


MODE = 23
FREQUENCY (CM-1) =  1290.32
-------------------------------------------
 AT       X            Y            Z      
-------------------------------------------
  1  -0.06347727   0.14235282   0.00000010
  2  -0.00911251  -0.11640547  -0.00000008
  3   0.03100049  -0.29143672  -0.00000002
  4  -0.03100267   0.29143819  -0.00000002
  5   0.00910992   0.11641132  -0.00000008
  6   0.06348159  -0.14235957   0.00000010
  7   0.44740161  -0.06459817   0.00000001
  8  -0.44739642   0.06459904   0.00000001
  9  -0.38878504   0.01706853  -0.00000016
 10   0.13962804  -0.02793279   0.00000013
 11  -0.00814415   0.00741654   0.00000002
 12   0.00814620  -0.00741917   0.00000002
 13  -0.13961845   0.02793146   0.00000013
 14   0.38876974  -0.01706743  -0.00000016


MODE = 24
FREQUENCY (CM-1) =  1391.75
-------------------------------------------
 AT       X            Y            Z      
-------------------------------------------
  1  -0.01544317  -0.06097695  -0.00000011
  2   0.30224353  -0.01783500  -0.00000016
  3   0.12294836  -0.08385014   0.00000000
  4  -0.12294754   0.08385017   0.00000000
  5  -0.30224444   0.01783467  -0.00000016
  6   0.01544208   0.06097781  -0.00000011
  7   0.01550000  -0.03416750  -0.00000001
  8  -0.01550081   0.03416747  -0.00000001
  9   0.19058622   0.02354900   0.00000005
 10   0.36355800   0.04079855   0.00000034
 11   0.26781473  -0.37199461   0.00000054
 12  -0.26781344   0.37199231   0.00000054
 13  -0.36355580  -0.04079811   0.00000034
 14  -0.19058486  -0.02354904   0.00000005


MODE = 25
FREQUENCY (CM-1) =  1423.86
-------------------------------------------
 AT       X            Y            Z      
-------------------------------------------
  1   0.10931177  -0.10482052  -0.00000019
  2   0.23949808   0.02577718  -0.00000005
  3  -0.15197039  -0.01183943   0.00000001
  4  -0.15197130  -0.01183895  -0.00000001
  5   0.23949584   0.02577757   0.00000005
  6   0.10931241  -0.10482050   0.00000019
  7   0.12857397   0.00154473   0.00000000
  8   0.12857394   0.00154493  -0.00000000
  9  -0.20093380  -0.00464391  -0.00000004
 10  -0.36744813  -0.06118526  -0.00000035
 11  -0.23940501   0.37788457  -0.00000051
 12  -0.23940664   0.37788656   0.00000051
 13  -0.36745017  -0.06118540   0.00000035
 14  -0.20093470  -0.00464415   0.00000004


MODE = 26
FREQUENCY (CM-1) =  1578.43
-------------------------------------------
 AT       X            Y            Z      
-------------------------------------------
  1  -0.35987767   0.15201807   0.00000034
  2   0.28699744  -0.11990737  -0.00000026
  3   0.38339045  -0.07389381   0.00000000
  4  -0.38339087   0.07389379   0.00000000
  5  -0.28699607   0.11990710  -0.00000026
  6   0.35987637  -0.15201756   0.00000034
  7  -0.11132650  -0.04373641   0.00000001
  8   0.11132673   0.04373642   0.00000001
  9   0.05372359   0.05449781   0.00000000
 10  -0.18814335  -0.08273858  -0.00000013
 11  -0.03247837   0.18634355  -0.00000019
 12   0.03247871  -0.18634452  -0.00000019
 13   0.18814443   0.08273893  -0.00000013
 14  -0.05372407  -0.05449795   0.00000000


MODE = 27
FREQUENCY (CM-1) =  1623.89
-------------------------------------------
 AT       X            Y            Z      
-------------------------------------------
  1   0.18958776  -0.08589532  -0.00000020
  2  -0.33318964   0.06660883   0.00000015
  3   0.50585622  -0.11033125  -0.00000001
  4  -0.50584907   0.11033170  -0.00000001
  5   0.33316357  -0.06660278   0.00000015
  6  -0.18956744   0.08588692  -0.00000020
  7  -0.19036719  -0.05682643   0.00000004
  8   0.19036289   0.05682634   0.00000004
  9  -0.13968658  -0.03621340   0.00000002
 10   0.07652028   0.04270053   0.00000005
 11   0.00079512  -0.07215479   0.00000009
 12  -0.00079521   0.07216284   0.00000009
 13  -0.07652877  -0.04270506   0.00000005
 14   0.13969462   0.03621653   0.00000002


MODE = 28
FREQUENCY (CM-1) =  1627.12
-------------------------------------------
 AT       X            Y            Z      
-------------------------------------------
  1  -0.37065687   0.15365448   0.00000035
  2   0.47767331  -0.11170068  -0.00000028
  3  -0.13033076  -0.00793982   0.00000000
  4  -0.13035706  -0.00793404  -0.00000000
  5   0.47769282  -0.11170489   0.00000028
  6  -0.37066854   0.15365976  -0.00000035
  7   0.07758829   0.00147108  -0.00000002
  8   0.07759832   0.00147402   0.00000002
  9  -0.14745361  -0.05739578  -0.00000001
 10   0.15099549   0.08227835   0.00000009
 11  -0.00065612  -0.14373846   0.00000014
 12  -0.00065600  -0.14373422  -0.00000014
 13   0.15099109   0.08227577  -0.00000009
 14  -0.14744573  -0.05739355   0.00000001


MODE = 29
FREQUENCY (CM-1) =  3044.88
-------------------------------------------
 AT       X            Y            Z      
-------------------------------------------
  1  -0.01312077   0.00231134   0.00000002
  2   0.00131464   0.06683422   0.00000003
  3   0.02139031  -0.18763742   0.00000002
  4  -0.02139006   0.18761728   0.00000002
  5  -0.00131512  -0.06682001   0.00000003
  6   0.01311860  -0.00231122   0.00000002
  7  -0.03269883   0.63379014  -0.00000006
  8   0.03269548  -0.63372105  -0.00000006
  9  -0.01060802   0.22922097  -0.00000009
 10  -0.00145124   0.03936557  -0.00000003
 11  -0.04253568  -0.03082755  -0.00000003
 12   0.04254416   0.03083338  -0.00000003
 13   0.00145142  -0.03937183  -0.00000003
 14   0.01061099  -0.22926955  -0.00000009


MODE = 30
FREQUENCY (CM-1) =  3047.33
-------------------------------------------
 AT       X            Y            Z      
-------------------------------------------
  1  -0.01601362  -0.00264022   0.00000002
  2  -0.00607310   0.13481652   0.00000006
  3   0.00089642  -0.14260924   0.00000001
  4   0.00089890  -0.14263175  -0.00000001
  5  -0.00607321   0.13482732  -0.00000006
  6  -0.01601487  -0.00264039  -0.00000002
  7  -0.02324156   0.48924836  -0.00000005
  8  -0.02324552   0.48932444   0.00000005
  9   0.02716908  -0.46050865   0.00000018
 10   0.00068459  -0.03957802   0.00000004
 11   0.06851105   0.04680270   0.00000005
 12   0.06850632   0.04679926  -0.00000005
 13   0.00068457  -0.03957490  -0.00000004
 14   0.02716730  -0.46047178  -0.00000018


MODE = 31
FREQUENCY (CM-1) =  3056.77
-------------------------------------------
 AT       X            Y            Z      
-------------------------------------------
  1  -0.02652310  -0.00414447   0.00000003
  2  -0.01486752   0.18176161   0.00000007
  3  -0.01224243   0.07102208  -0.00000001
  4   0.01224230  -0.07102043  -0.00000001
  5   0.01486747  -0.18175720   0.00000007
  6   0.02652005   0.00414595   0.00000003
  7   0.00872988  -0.23681783   0.00000003
  8  -0.00872957   0.23681218   0.00000003
  9  -0.03452241   0.61841994  -0.00000024
 10  -0.00526034   0.06409357  -0.00000006
 11  -0.10841410  -0.07165482  -0.00000008
 12   0.10842317   0.07166090  -0.00000008
 13   0.00526131  -0.06410451  -0.00000006
 14   0.03452318  -0.61843546  -0.00000024


MODE = 32
FREQUENCY (CM-1) =  3061.53
-------------------------------------------
 AT       X            Y            Z      
-------------------------------------------
  1  -0.02563896  -0.00142009   0.00000003
  2  -0.01127848   0.13757709   0.00000006
  3  -0.00681501   0.13681140  -0.00000001
  4  -0.00681584   0.13681629   0.00000001
  5  -0.01127951   0.13758224  -0.00000006
  6  -0.02563505  -0.00142368  -0.00000003
  7   0.02499129  -0.46857961   0.00000005
  8   0.02499210  -0.46859610  -0.00000005
  9   0.02234697  -0.47255653   0.00000018
 10   0.00694335  -0.06416908   0.00000006
 11   0.09661390   0.06338749   0.00000007
 12   0.09662323   0.06339385  -0.00000007
 13   0.00694492  -0.06418684  -0.00000006
 14   0.02234596  -0.47253982  -0.00000018


MODE = 33
FREQUENCY (CM-1) =  3065.90
-------------------------------------------
 AT       X            Y            Z      
-------------------------------------------
  1   0.12577390  -0.10589786  -0.00000023
  2  -0.01892780   0.04641555   0.00000003
  3  -0.00206966   0.00712375  -0.00000000
  4  -0.00191295   0.00729226   0.00000000
  5  -0.01827951   0.04473234  -0.00000003
  6   0.12127483  -0.10209777   0.00000022
  7   0.00304816  -0.02445462   0.00000000
  8   0.00301134  -0.02497872  -0.00000000
  9   0.00854969  -0.13223896   0.00000005
 10  -0.04828978   0.54048023  -0.00000050
 11  -0.31191048  -0.21048865  -0.00000021
 12  -0.32353714  -0.21832411   0.00000022
 13  -0.05009321   0.56061462   0.00000052
 14   0.00887945  -0.13715609  -0.00000005


MODE = 34
FREQUENCY (CM-1) =  3065.92
-------------------------------------------
 AT       X            Y            Z      
-------------------------------------------
  1  -0.12084571   0.10206380   0.00000022
  2   0.01738998  -0.04512924  -0.00000003
  3   0.00424817   0.00474868   0.00000000
  4  -0.00432072  -0.00448923   0.00000000
  5  -0.01806955   0.04678957  -0.00000003
  6   0.12536165  -0.10586496   0.00000023
  7  -0.00095224  -0.01481147   0.00000000
  8   0.00106224   0.01392177   0.00000000
  9   0.00916328  -0.13666872   0.00000005
 10  -0.05023988   0.56095017  -0.00000052
 11  -0.32395860  -0.21832618  -0.00000022
 12   0.31234162   0.21048693  -0.00000021
 13   0.04844169  -0.54082465  -0.00000050
 14  -0.00884567   0.13176406   0.00000005


MODE = 35
FREQUENCY (CM-1) =  3154.66
-------------------------------------------
 AT       X            Y            Z      
-------------------------------------------
  1   0.12846007   0.19980844   0.00000001
  2  -0.00323759   0.02636453   0.00000001
  3  -0.00167663   0.00093222  -0.00000000
  4   0.00156408  -0.00082203  -0.00000000
  5   0.00295985  -0.02411001   0.00000001
  6  -0.11748910  -0.18273225   0.00000001
  7  -0.00244003  -0.00561475   0.00000000
  8   0.00233951   0.00490156   0.00000000
  9  -0.00448494   0.06709998  -0.00000003
 10  -0.04250234   0.36619099  -0.00000035
 11   0.43685542   0.27636161   0.00000031
 12  -0.47763869  -0.30216398   0.00000034
 13   0.04647847  -0.40043822  -0.00000038
 14   0.00488259  -0.07342053  -0.00000003


MODE = 36
FREQUENCY (CM-1) =  3154.67
-------------------------------------------
 AT       X            Y            Z      
-------------------------------------------
  1   0.11742660   0.18277884   0.00000001
  2  -0.00297318   0.02413032   0.00000002
  3  -0.00118859   0.00119512  -0.00000000
  4  -0.00133322   0.00127340   0.00000000
  5  -0.00324975   0.02638272  -0.00000002
  6   0.12840298   0.19985107  -0.00000001
  7  -0.00101961  -0.00775462  -0.00000000
  8  -0.00123291  -0.00822392   0.00000000
  9   0.00466367  -0.07394033   0.00000002
 10   0.04653195  -0.40079918   0.00000039
 11  -0.47732685  -0.30198902  -0.00000034
 12  -0.43651426  -0.27617028   0.00000031
 13   0.04256092  -0.36658564  -0.00000035
 14   0.00424565  -0.06766981  -0.00000002


 Number of lines skipped in fchk file is =           24
  -2.2441262000000002        5.3863865500000001        0.0000000000000000       -2.2441262000000002        2.8360429400000000       -2.0615194199999998E-006   5.1269467599999998E-003   1.2850501299999999        0.0000000000000000       -5.1269467599999998E-003  -1.2850501299999999        0.0000000000000000        2.2441262000000002       -2.8360429400000000       -2.0615194199999998E-006   2.2441262000000002       -5.3863865500000001        0.0000000000000000        1.8267132399999999        2.2759474399999999        0.0000000000000000       -1.8267132399999999       -2.2759474399999999        0.0000000000000000        4.0566778899999996       -1.8311503099999999       -2.0615194199999998E-006  0.48069489799999998       -6.4629441500000002        3.6076589800000001E-006   3.9991508200000001       -6.4676576700000004        0.0000000000000000       -3.9991508200000001        6.4676576700000004        0.0000000000000000      -0.48069489799999998        6.4629441500000002        3.6076589800000001E-006  -4.0566778899999996        1.8311503099999999       -2.0615194199999998E-006
 Number of lines skipped in fchk file is =           24
  0.42053174999999998        5.9194512399999999       -1.0226547200000000E-005   1.2074110899999999        3.4057820900000002        2.3087310799999999E-005 -0.42053174999999998        1.2802724500000000       -1.3262771600000000E-005  0.42053174999999998       -1.2802724500000000       -1.3262771600000000E-005  -1.2074110899999999       -3.4057820900000002        2.3087310799999999E-005 -0.42053174999999998       -5.9194512399999999       -1.0226547200000000E-005  -2.4658854099999998        1.6179352300000001       -2.4855089100000000E-005   2.4658854099999998       -1.6179352300000001       -2.4855089100000000E-005  -3.2456967799999998       -3.0261448400000002        6.7398678200000005E-005   1.5853641400000000       -6.4145381700000002       -6.5029945799999995E-005  -1.7830248700000000       -7.4657565500000000        2.4898404599999999E-005   1.7830248700000000        7.4657565500000000        2.4898404599999999E-005  -1.5853641400000000        6.4145381700000002       -6.5029945799999995E-005   3.2456967799999998        3.0261448400000002        6.7398678200000005E-005
 Coords of ground state
  -2.244   5.386   0.000  -2.244   2.836  -0.000   0.005   1.285   0.000  -0.005  -1.285   0.000   2.244  -2.836  -0.000   2.244  -5.386   0.000   1.827   2.276   0.000  -1.827  -2.276   0.000   4.057  -1.831  -0.000   0.481  -6.463   0.000   3.999  -6.468   0.000  -3.999   6.468   0.000  -0.481   6.463   0.000  -4.057   1.831  -0.000
 Coords of excited state
   0.421   5.919  -0.000   1.207   3.406   0.000  -0.421   1.280  -0.000   0.421  -1.280  -0.000  -1.207  -3.406   0.000  -0.421  -5.919  -0.000  -2.466   1.618  -0.000   2.466  -1.618  -0.000  -3.246  -3.026   0.000   1.585  -6.415  -0.000  -1.783  -7.466   0.000   1.783   7.466   0.000  -1.585   6.415  -0.000   3.246   3.026   0.000
 Coords of delta
  -2.665  -0.533   0.000  -3.452  -0.570  -0.000   0.426   0.005   0.000  -0.426  -0.005   0.000   3.452   0.570  -0.000   2.665   0.533   0.000   4.293   0.658   0.000  -4.293  -0.658   0.000   7.302   1.195  -0.000  -1.105  -0.048   0.000   5.782   0.998  -0.000  -5.782  -0.998  -0.000   1.105   0.048   0.000  -7.302  -1.195  -0.000
 Normal coords of ground state
  -0.000   0.000  -0.000   0.000   1.450  -4.230  -0.000   0.000  -0.000   0.000   0.000  -0.000  -1.691  -0.000  -0.000  -0.000  -0.000   0.000   0.956   0.000   1.910  -0.000   0.006   0.185   0.000   0.949  -1.244  -0.000   1.046  -0.000   0.249  -0.000   0.027  -1.456   0.282  -0.013
 Normal coords of excited state
  -0.000   0.000  -0.000  -0.000   0.099   1.881   0.000  -0.000   0.000  -0.000  -0.000   0.000   2.195   0.000   0.000   0.000   0.000  -0.000  -4.328   0.000   5.504  -0.000   0.460   1.156   0.000   0.290  -2.325  -0.000   0.734  -0.000   0.688   0.000  -0.012   0.653  -2.174   0.097
 Displacements in adimensional normal cartesian coordinates
     LM(Xg-Xex)    LMXg-LMXex     gradient     frequency (cm-1)
     -0.000001      0.000007      0.000331    100.694102
      0.000000      0.000000     -0.000049    144.252797
     -0.000000     -0.000000     -0.000000    230.239005
     -0.000010      0.000048      0.000081    253.063565
      0.026451      1.351013    -19.450485    340.359243
      0.569536     -6.110857      6.296203    435.969412
      0.000000     -0.000002     -0.000003    530.513926
     -0.000000      0.000000      0.000000    597.644376
      0.000003     -0.000010      0.000010    685.078911
     -0.000000      0.000000      0.000000    866.272570
     -0.000002      0.000004      0.000041    880.185610
      0.000000     -0.000000     -0.000000    887.402085
      0.966579     -3.886185     -2.909917    921.380595
      0.000001     -0.000004      0.000036    927.894141
      0.000003     -0.000011     -0.000011    955.931338
      0.000000     -0.000000     -0.000000    985.997400
      0.000003     -0.000009      0.000029   1019.754780
     -0.000002      0.000004      0.000005   1135.563490
     -2.165363      5.284125      5.757120   1189.979600
      0.000001     -0.000003      0.000000   1244.198900
      2.850142     -3.594034      7.339356   1274.396320
     -0.000000     -0.000001     -0.000018   1287.026260
      0.239420     -0.453238     -0.863988   1290.315460
      0.625462     -0.970962     -0.618022   1391.745970
      0.000003     -0.000004      0.000001   1423.855490
      0.166877      0.659131      0.901012   1578.427680
     -1.358849      1.081204     -3.121169   1623.889980
     -0.000038      0.000029     -0.000087   1627.116690
      0.587766      0.311362     -0.626263   3044.881960
     -0.000038     -0.000023      0.000041   3047.333070
      0.551587     -0.439132     -0.177725   3056.773350
      0.000008     -0.000029      0.000002   3061.533040
     -0.009582      0.038542     -0.005401   3065.896560
      0.524637     -2.109100      0.295349   3065.919530
     -1.770979      2.456202      0.251524   3154.661890
      0.079037     -0.109617     -0.011225   3154.672200
