 Number of lines skipped in fchk file is =           34
 Number of lines skipped in fchk file is =         1239
 NMODES Number of lines skipped in fchk file is =           30
DEBUG> Writing normal modes product matrix (should be identity)
   1.000  -0.000   0.000   0.000  -0.000   0.000  -0.000   0.000  -0.000  -0.000  -0.000   0.000
  -0.000   1.000   0.000   0.000   0.000  -0.000  -0.000   0.000   0.000  -0.000   0.000   0.000
   0.000   0.000   1.000   0.000  -0.000  -0.000   0.000   0.000  -0.000   0.000  -0.000  -0.000
   0.000   0.000   0.000   1.000   0.000  -0.000   0.000  -0.000  -0.000  -0.000  -0.000   0.000
  -0.000   0.000  -0.000   0.000   1.000  -0.000   0.000  -0.000  -0.000  -0.000  -0.000  -0.000
   0.000  -0.000  -0.000  -0.000  -0.000   1.000   0.000  -0.000   0.000  -0.000  -0.000  -0.000
  -0.000  -0.000   0.000   0.000   0.000   0.000   1.000   0.000   0.000   0.000  -0.000  -0.000
   0.000   0.000   0.000  -0.000  -0.000  -0.000   0.000   1.000  -0.000  -0.000  -0.000   0.000
  -0.000   0.000  -0.000  -0.000  -0.000   0.000   0.000  -0.000   1.000  -0.000   0.000   0.000
  -0.000  -0.000   0.000  -0.000  -0.000  -0.000   0.000  -0.000  -0.000   1.000  -0.000  -0.000
  -0.000   0.000  -0.000  -0.000  -0.000  -0.000  -0.000  -0.000   0.000  -0.000   1.000  -0.000
   0.000   0.000  -0.000   0.000  -0.000  -0.000  -0.000   0.000   0.000  -0.000  -0.000   1.000
 Frequencies=    74.794341200000005        564.30983400000002        651.81265800000006        1045.2212500000001        1060.5587100000000        1281.6991499999999        1437.1336600000000        1639.1503600000001        1838.8644099999999        2965.2166299999999        3586.5430299999998        3717.9940000000001     

 %%%%%%%%%%%%%%%%%%%%%%%%%%%%%%%%%%%%%%%%%%%
            WRITING NORMAL MODES            
 %%%%%%%%%%%%%%%%%%%%%%%%%%%%%%%%%%%%%%%%%%%

MODE =  1
FREQUENCY (CM-1) =    74.79
-------------------------------------------
 AT       X            Y            Z      
-------------------------------------------
  1   0.00002693  -0.00002703  -0.05397187
  2  -0.00016847   0.00003655   0.43322124
  3  -0.00003145   0.00001070  -0.05037769
  4   0.00027289  -0.00011510  -0.48860268
  5   0.00034368   0.00004038  -0.75361192
  6   0.00004380  -0.00001088   0.01430879


MODE =  2
FREQUENCY (CM-1) =   564.31
-------------------------------------------
 AT       X            Y            Z      
-------------------------------------------
  1  -0.01374192   0.44305461  -0.00010915
  2  -0.36460467  -0.04944422   0.00009765
  3   0.47175999  -0.27947156   0.00003769
  4  -0.48717093  -0.05026792  -0.00002637
  5   0.10106081  -0.30665982  -0.00002987
  6  -0.08680431   0.12577637  -0.00008127


MODE =  3
FREQUENCY (CM-1) =   651.81
-------------------------------------------
 AT       X            Y            Z      
-------------------------------------------
  1  -0.00001464  -0.00009758  -0.32520446
  2   0.00008517   0.00014489   0.15631120
  3  -0.00005247   0.00004009   0.22215988
  4   0.00002645  -0.00016738  -0.69596431
  5  -0.00008127  -0.00017848   0.54581358
  6  -0.00000311  -0.00001724  -0.19538414


MODE =  4
FREQUENCY (CM-1) =  1045.22
-------------------------------------------
 AT       X            Y            Z      
-------------------------------------------
  1  -0.00024811   0.00000601   0.57945102
  2   0.00119645   0.00038454  -0.10215377
  3  -0.00085546  -0.00013033  -0.17287204
  4  -0.00070963  -0.00004419  -0.14041162
  5   0.00108486  -0.00100299  -0.01238796
  6  -0.00057087   0.00011225  -0.77720144


MODE =  5
FREQUENCY (CM-1) =  1060.56
-------------------------------------------
 AT       X            Y            Z      
-------------------------------------------
  1  -0.12366324   0.01300824  -0.00135041
  2   0.53392860   0.15489463   0.00023634
  3  -0.36316974  -0.05021232   0.00041637
  4  -0.32852959  -0.01019094   0.00041867
  5   0.45553010  -0.40753929  -0.00008076
  6  -0.24371187  -0.00449181   0.00178218


MODE =  6
FREQUENCY (CM-1) =  1281.70
-------------------------------------------
 AT       X            Y            Z      
-------------------------------------------
  1  -0.38087662   0.54239057  -0.00004175
  2   0.26444982  -0.41995879   0.00001644
  3   0.01328742  -0.10593904   0.00001562
  4   0.48341831  -0.07402472  -0.00000911
  5  -0.01471659   0.03037394   0.00006969
  6  -0.19311304   0.15950553  -0.00004004


MODE =  7
FREQUENCY (CM-1) =  1437.13
-------------------------------------------
 AT       X            Y            Z      
-------------------------------------------
  1   0.10314036  -0.20970426   0.00004724
  2  -0.04231770  -0.09425335   0.00000233
  3   0.21005924   0.26567802  -0.00002354
  4  -0.03968829  -0.02519606  -0.00007597
  5  -0.10452712   0.09994446  -0.00004309
  6  -0.89077943  -0.05821684   0.00004115


MODE =  8
FREQUENCY (CM-1) =  1639.15
-------------------------------------------
 AT       X            Y            Z      
-------------------------------------------
  1   0.02496294   0.15345638   0.00003827
  2   0.34560546  -0.18443156   0.00008565
  3  -0.12505404  -0.08936866   0.00000932
  4  -0.58276117  -0.11417349  -0.00025244
  5  -0.33645506   0.57268584  -0.00019279
  6   0.04302100   0.05546545  -0.00004319


MODE =  9
FREQUENCY (CM-1) =  1838.86
-------------------------------------------
 AT       X            Y            Z      
-------------------------------------------
  1   0.72365089   0.30737575  -0.00007779
  2  -0.15786973  -0.01516156  -0.00003670
  3  -0.46330149  -0.27439538   0.00008268
  4   0.15072999   0.01934551   0.00003777
  5  -0.03065017  -0.02356035   0.00004359
  6  -0.18296378   0.09322908  -0.00000552


MODE = 10
FREQUENCY (CM-1) =  2965.22
-------------------------------------------
 AT       X            Y            Z      
-------------------------------------------
  1   0.00262864   0.28041188   0.00002969
  2  -0.00096340  -0.00488724   0.00000505
  3  -0.00030933  -0.00356611   0.00000483
  4  -0.00086329   0.00844181   0.00000380
  5  -0.00161236   0.01606680  -0.00000245
  6  -0.00177142  -0.95968158  -0.00014187


MODE = 11
FREQUENCY (CM-1) =  3586.54
-------------------------------------------
 AT       X            Y            Z      
-------------------------------------------
  1  -0.00760128   0.00253276   0.00000314
  2   0.16771417  -0.10194841   0.00011581
  3  -0.00211832  -0.00115255   0.00000034
  4  -0.06863778   0.73968340  -0.00019454
  5  -0.52482774  -0.36620616  -0.00024697
  6   0.00297697   0.00238868  -0.00000238


MODE = 12
FREQUENCY (CM-1) =  3717.99
-------------------------------------------
 AT       X            Y            Z      
-------------------------------------------
  1  -0.00122001   0.00758029   0.00000051
  2   0.14488251   0.27197025   0.00003093
  3  -0.00126332  -0.00145761   0.00000044
  4   0.06454308  -0.61485191   0.00017647
  5  -0.59637370  -0.40864941  -0.00029261
  6   0.00102188  -0.01062112  -0.00000266



     gradient     frequency (cm-1)
      0.171371     74.794341
     -0.006752    564.309834
      0.000088    651.812658
     -0.000562   1045.221250
     -0.332269   1060.558710
     -0.095689   1281.699150
     -0.018508   1437.133660
      0.534407   1639.150360
      0.445383   1838.864410
      0.282571   2965.216630
     -1.421301   3586.543030
     -0.705703   3717.994000
