     gradient     frequency (cm-1)
      0.000908     21.988265
     -0.001617     49.463885
      0.606094     67.054332
     -0.000560     91.168542
     -0.000024    117.867491
      0.507795    176.084753
     -0.007946    182.493952
      0.001762    204.455803
     -0.686541    217.162535
     -0.484263    289.626315
     -0.000203    361.763877
     -0.195173    394.340177
      0.006078    395.213357
      0.378920    403.492890
     -0.000133    412.093990
      0.424645    467.349528
     -0.000266    501.454512
      0.492491    520.172348
      0.000793    621.244681
     -0.053277    632.114771
      0.015455    697.812805
      0.000177    702.534545
     -0.193663    732.845376
      0.000002    785.505015
     -0.000074    800.611838
      0.187048    822.054403
     -0.000016    832.526536
      0.479183    880.622544
     -0.000023    915.242957
      0.000012    927.150142
      0.123143    943.595600
      0.000035    944.184406
      0.000026    983.858926
     -0.070141    992.905676
     -0.350435   1046.893220
     -0.082834   1097.722830
     -0.262777   1155.810920
      0.166520   1170.027850
     -0.354970   1207.261540
      0.080045   1283.752810
      0.253185   1294.123390
     -0.322784   1308.120390
     -0.301259   1313.368110
      0.078489   1316.528360
      0.127481   1381.864610
      0.000188   1425.761190
     -0.054496   1432.716620
     -0.038699   1443.179470
     -0.056236   1510.682450
      0.225166   1575.682220
     -0.075043   1579.829840
     -0.788720   1626.532340
      0.098338   1662.916540
     -0.019111   3005.172490
      0.028019   3087.199970
     -0.009082   3104.213700
     -0.000004   3110.426830
      0.003373   3119.057790
      0.029678   3123.863400
      0.039044   3138.800550
     -0.045311   3150.095570
     -0.000993   3155.958410
      0.022522   3684.656430
