     gradient     frequency (cm-1)
     -0.029568     21.988265
     -0.012297     49.463885
     -0.020807     67.054332
     -0.011394     91.168542
     -0.005847    117.867491
      1.140524    176.084753
     -0.018183    182.493952
      0.002981    204.455803
     -0.708312    217.162535
     -0.050113    289.626315
     -0.000207    361.763877
      0.097636    394.340177
     -0.003013    395.213357
     -0.053135    403.492890
     -0.000048    412.093990
     -1.269448    467.349528
      0.000031    501.454512
     -0.754832    520.172348
     -0.000132    621.244681
      0.048100    632.114771
      0.093640    697.812805
     -0.000093    702.534545
     -1.286054    732.845376
      0.000069    785.505015
      0.000345    800.611838
     -0.012246    822.054403
     -0.000363    832.526536
      1.154688    880.622544
     -0.000042    915.242957
      0.000056    927.150142
      0.696075    943.595600
      0.000124    944.184406
     -0.000071    983.858926
     -0.056348    992.905676
     -1.227411   1046.893220
     -0.041164   1097.722830
     -0.418397   1155.810920
     -0.076735   1170.027850
     -0.524042   1207.261540
      0.071545   1283.752810
      0.349429   1294.123390
      0.141851   1308.120390
     -0.247617   1313.368110
      0.385180   1316.528360
     -0.089285   1381.864610
      0.000858   1425.761190
     -0.163994   1432.716620
     -0.006885   1443.179470
      0.051599   1510.682450
      0.181066   1575.682220
      0.002952   1579.829840
     -1.076615   1626.532340
      0.108988   1662.916540
     -0.025126   3005.172490
      0.006059   3087.199970
     -0.021125   3104.213700
     -0.000012   3110.426830
     -0.016945   3119.057790
      0.038383   3123.863400
      0.034136   3138.800550
     -0.060319   3150.095570
     -0.025505   3155.958410
      0.018579   3684.656430
