     gradient     frequency (cm-1)
     -0.002520     21.988265
     -0.002404     49.463885
      1.410929     67.054332
     -0.000908     91.168542
     -0.000541    117.867491
      0.505157    176.084753
     -0.008108    182.493952
      0.002113    204.455803
     -0.097012    217.162535
     -0.501444    289.626315
     -0.000150    361.763877
     -0.503405    394.340177
      0.015171    395.213357
      0.145917    403.492890
      0.000231    412.093990
     -0.181799    467.349528
     -0.000218    501.454512
      0.262883    520.172348
      0.000695    621.244681
      0.067371    632.114771
      0.050464    697.812805
      0.000103    702.534545
      0.292347    732.845376
      0.000013    785.505015
     -0.000078    800.611838
      0.214583    822.054403
     -0.000026    832.526536
      0.446066    880.622544
     -0.000023    915.242957
      0.000018    927.150142
     -0.027056    943.595600
     -0.000070    944.184406
      0.000056    983.858926
     -0.024850    992.905676
      0.102192   1046.893220
      0.023828   1097.722830
     -0.007085   1155.810920
      0.050702   1170.027850
      0.089628   1207.261540
      0.189662   1283.752810
     -0.146304   1294.123390
     -0.027380   1308.120390
     -0.036552   1313.368110
      0.002019   1316.528360
      0.028994   1381.864610
      0.000208   1425.761190
     -0.053339   1432.716620
     -0.043122   1443.179470
      0.005212   1510.682450
      0.373695   1575.682220
      0.048422   1579.829840
     -0.035993   1626.532340
     -0.140416   1662.916540
     -0.028585   3005.172490
      0.048551   3087.199970
     -0.011784   3104.213700
     -0.000006   3110.426830
      0.017037   3119.057790
      0.008287   3123.863400
      0.007227   3138.800550
     -0.010684   3150.095570
      0.017549   3155.958410
     -0.010699   3684.656430
