     gradient     frequency (cm-1)	     gradient     frequency (cm-1)	     gradient     frequency (cm-1)	     gradient     frequency (cm-1)	     gradient     frequency (cm-1)	     gradient     frequency (cm-1)
     -0.003203     21.988265	     -0.006696     21.988265	     -0.002520     21.988265	      0.000908     21.988265	      0.023461     21.988265	     -0.029568     21.988265
     -0.000777     49.463885	     -0.002323     49.463885	     -0.002404     49.463885	     -0.001617     49.463885	      0.009235     49.463885	     -0.012297     49.463885
      1.452005     67.054332	      0.848361     67.054332	      1.410929     67.054332	      0.606094     67.054332	      0.634373     67.054332	     -0.020807     67.054332
     -0.000521     91.168542	     -0.000623     91.168542	     -0.000908     91.168542	     -0.000560     91.168542	      0.007523     91.168542	     -0.011394     91.168542
      0.001668    117.867491	      0.001062    117.867491	     -0.000541    117.867491	     -0.000024    117.867491	      0.008534    117.867491	     -0.005847    117.867491
     -0.205323    176.084753	      1.650969    176.084753	      0.505157    176.084753	      0.507795    176.084753	     -0.737063    176.084753	      1.140524    176.084753
      0.000183    182.493952	     -0.022887    182.493952	     -0.008108    182.493952	     -0.007946    182.493952	      0.008337    182.493952	     -0.018183    182.493952
      0.001350    204.455803	      0.003526    204.455803	      0.002113    204.455803	      0.001762    204.455803	     -0.000648    204.455803	      0.002981    204.455803
     -0.011177    217.162535	     -1.365936    217.162535	     -0.097012    217.162535	     -0.686541    217.162535	      0.638189    217.162535	     -0.708312    217.162535
     -0.702477    289.626315	     -0.479047    289.626315	     -0.501444    289.626315	     -0.484263    289.626315	     -0.381477    289.626315	     -0.050113    289.626315
     -0.000412    361.763877	     -0.000411    361.763877	     -0.000150    361.763877	     -0.000203    361.763877	     -0.000384    361.763877	     -0.000207    361.763877
     -0.117673    394.340177	     -0.485877    394.340177	     -0.503405    394.340177	     -0.195173    394.340177	      0.363775    394.340177	      0.097636    394.340177
      0.002926    395.213357	      0.014938    395.213357	      0.015171    395.213357	      0.006078    395.213357	     -0.011697    395.213357	     -0.003013    395.213357
     -1.008674    403.492890	      0.405416    403.492890	      0.145917    403.492890	      0.378920    403.492890	     -1.201070    403.492890	     -0.053135    403.492890
      0.000373    412.093990	      0.000047    412.093990	      0.000231    412.093990	     -0.000133    412.093990	      0.000052    412.093990	     -0.000048    412.093990
     -0.425385    467.349528	     -1.227218    467.349528	     -0.181799    467.349528	      0.424645    467.349528	     -0.958561    467.349528	     -1.269448    467.349528
     -0.000538    501.454512	     -0.000315    501.454512	     -0.000218    501.454512	     -0.000266    501.454512	     -0.000628    501.454512	      0.000031    501.454512
      0.315132    520.172348	     -0.432141    520.172348	      0.262883    520.172348	      0.492491    520.172348	     -0.318186    520.172348	     -0.754832    520.172348
      0.001530    621.244681	      0.000981    621.244681	      0.000695    621.244681	      0.000793    621.244681	      0.002597    621.244681	     -0.000132    621.244681
     -0.050306    632.114771	     -0.024893    632.114771	      0.067371    632.114771	     -0.053277    632.114771	      0.005624    632.114771	      0.048100    632.114771
      0.165109    697.812805	      0.092299    697.812805	      0.050464    697.812805	      0.015455    697.812805	      0.210912    697.812805	      0.093640    697.812805
      0.000334    702.534545	      0.000222    702.534545	      0.000103    702.534545	      0.000177    702.534545	      0.000783    702.534545	     -0.000093    702.534545
     -0.226226    732.845376	     -1.799560    732.845376	      0.292347    732.845376	     -0.193663    732.845376	      0.025005    732.845376	     -1.286054    732.845376
     -0.000009    785.505015	      0.000081    785.505015	      0.000013    785.505015	      0.000002    785.505015	     -0.000079    785.505015	      0.000069    785.505015
     -0.000075    800.611838	      0.000036    800.611838	     -0.000078    800.611838	     -0.000074    800.611838	     -0.000477    800.611838	      0.000345    800.611838
      0.183800    822.054403	     -0.716136    822.054403	      0.214583    822.054403	      0.187048    822.054403	      0.901212    822.054403	     -0.012246    822.054403
     -0.000057    832.526536	      0.000205    832.526536	     -0.000026    832.526536	     -0.000016    832.526536	      0.000093    832.526536	     -0.000363    832.526536
     -0.004508    880.622544	      1.063039    880.622544	      0.446066    880.622544	      0.479183    880.622544	      0.257743    880.622544	      1.154688    880.622544
      0.000042    915.242957	     -0.000100    915.242957	     -0.000023    915.242957	     -0.000023    915.242957	      0.000040    915.242957	     -0.000042    915.242957
      0.000038    927.150142	      0.000058    927.150142	      0.000018    927.150142	      0.000012    927.150142	      0.000046    927.150142	      0.000056    927.150142
      0.061723    943.595600	      0.858222    943.595600	     -0.027056    943.595600	      0.123143    943.595600	     -0.116360    943.595600	      0.696075    943.595600
      0.000122    944.184406	      0.000624    944.184406	     -0.000070    944.184406	      0.000035    944.184406	      0.000179    944.184406	      0.000124    944.184406
      0.000113    983.858926	     -0.000124    983.858926	      0.000056    983.858926	      0.000026    983.858926	      0.000208    983.858926	     -0.000071    983.858926
     -0.092903    992.905676	     -0.100115    992.905676	     -0.024850    992.905676	     -0.070141    992.905676	     -0.065713    992.905676	     -0.056348    992.905676
     -1.149905   1046.893220	     -1.670231   1046.893220	      0.102192   1046.893220	     -0.350435   1046.893220	     -0.836772   1046.893220	     -1.227411   1046.893220
      0.085379   1097.722830	      0.066527   1097.722830	      0.023828   1097.722830	     -0.082834   1097.722830	      0.005455   1097.722830	     -0.041164   1097.722830
      0.133900   1155.810920	      0.089460   1155.810920	     -0.007085   1155.810920	     -0.262777   1155.810920	     -0.331570   1155.810920	     -0.418397   1155.810920
     -0.193700   1170.027850	     -0.206596   1170.027850	      0.050702   1170.027850	      0.166520   1170.027850	     -0.078312   1170.027850	     -0.076735   1170.027850
     -0.259138   1207.261540	     -0.321889   1207.261540	      0.089628   1207.261540	     -0.354970   1207.261540	     -0.481803   1207.261540	     -0.524042   1207.261540
      0.227765   1283.752810	      0.166978   1283.752810	      0.189662   1283.752810	      0.080045   1283.752810	      0.098171   1283.752810	      0.071545   1283.752810
     -0.401163   1294.123390	     -0.243993   1294.123390	     -0.146304   1294.123390	      0.253185   1294.123390	      0.185642   1294.123390	      0.349429   1294.123390
     -0.125231   1308.120390	      0.339573   1308.120390	     -0.027380   1308.120390	     -0.322784   1308.120390	     -0.343327   1308.120390	      0.141851   1308.120390
     -0.151345   1313.368110	     -0.092494   1313.368110	     -0.036552   1313.368110	     -0.301259   1313.368110	     -0.342614   1313.368110	     -0.247617   1313.368110
      0.482048   1316.528360	      0.471429   1316.528360	      0.002019   1316.528360	      0.078489   1316.528360	      0.420344   1316.528360	      0.385180   1316.528360
     -0.065189   1381.864610	     -0.152161   1381.864610	      0.028994   1381.864610	      0.127481   1381.864610	     -0.018864   1381.864610	     -0.089285   1381.864610
      0.000237   1425.761190	      0.000683   1425.761190	      0.000208   1425.761190	      0.000188   1425.761190	     -0.000237   1425.761190	      0.000858   1425.761190
     -0.142532   1432.716620	     -0.306696   1432.716620	     -0.053339   1432.716620	     -0.054496   1432.716620	     -0.050626   1432.716620	     -0.163994   1432.716620
     -0.225488   1443.179470	     -0.251553   1443.179470	     -0.043122   1443.179470	     -0.038699   1443.179470	     -0.014355   1443.179470	     -0.006885   1443.179470
     -0.133220   1510.682450	     -0.134255   1510.682450	      0.005212   1510.682450	     -0.056236   1510.682450	      0.015832   1510.682450	      0.051599   1510.682450
      1.261007   1575.682220	      1.032402   1575.682220	      0.373695   1575.682220	      0.225166   1575.682220	      0.392488   1575.682220	      0.181066   1575.682220
      0.738429   1579.829840	      0.460419   1579.829840	      0.048422   1579.829840	     -0.075043   1579.829840	      0.168565   1579.829840	      0.002952   1579.829840
     -0.364782   1626.532340	     -0.250612   1626.532340	     -0.035993   1626.532340	     -0.788720   1626.532340	     -1.125712   1626.532340	     -1.076615   1626.532340
     -0.727023   1662.916540	      0.332433   1662.916540	     -0.140416   1662.916540	      0.098338   1662.916540	     -0.667903   1662.916540	      0.108988   1662.916540
     -0.014533   3005.172490	     -0.051723   3005.172490	     -0.028585   3005.172490	     -0.019111   3005.172490	     -0.001048   3005.172490	     -0.025126   3005.172490
      0.055104   3087.199970	      0.040762   3087.199970	      0.048551   3087.199970	      0.028019   3087.199970	      0.012973   3087.199970	      0.006059   3087.199970
      0.019628   3104.213700	     -0.036397   3104.213700	     -0.011784   3104.213700	     -0.009082   3104.213700	      0.024514   3104.213700	     -0.021125   3104.213700
      0.000007   3110.426830	     -0.000002   3110.426830	     -0.000006   3110.426830	     -0.000004   3110.426830	      0.000037   3110.426830	     -0.000012   3110.426830
      0.023348   3119.057790	      0.027402   3119.057790	      0.017037   3119.057790	      0.003373   3119.057790	     -0.020084   3119.057790	     -0.016945   3119.057790
     -0.002695   3123.863400	     -0.004511   3123.863400	      0.008287   3123.863400	      0.029678   3123.863400	      0.037074   3123.863400	      0.038383   3123.863400
     -0.009627   3138.800550	     -0.006515   3138.800550	      0.007227   3138.800550	      0.039044   3138.800550	      0.036785   3138.800550	      0.034136   3138.800550
      0.005989   3150.095570	      0.005330   3150.095570	     -0.010684   3150.095570	     -0.045311   3150.095570	     -0.066351   3150.095570	     -0.060319   3150.095570
     -0.052868   3155.958410	     -0.029919   3155.958410	      0.017549   3155.958410	     -0.000993   3155.958410	     -0.062275   3155.958410	     -0.025505   3155.958410
      0.036188   3684.656430	      0.036668   3684.656430	     -0.010699   3684.656430	      0.022522   3684.656430	      0.013630   3684.656430	      0.018579   3684.656430
